time	V(sw)
Step Information: Delay=3n Delay2=3n Rload=100  (Run: 1/24)
0.000000000000000e+000	1.300639e+001
2.000066778862220e-013	1.333899e+001
6.000061558708580e-013	1.457430e+001
9.000022949123832e-013	1.500190e+001
9.800077416244335e-013	1.500190e+001
1.086107629666433e-007	1.498765e+001
2.086107629556411e-007	1.497781e+001
3.086107629446389e-007	1.497118e+001
4.086107629336366e-007	1.496777e+001
5.086107629226344e-007	1.496757e+001
6.086107629116322e-007	1.497058e+001
6.944453444374110e-007	1.497564e+001
6.944454444407500e-007	1.497564e+001
6.944456444474279e-007	1.782217e+001
6.944460444469058e-007	2.839473e+001
6.944463444430449e-007	3.205445e+001
7.325387671591743e-007	3.205227e+001
7.343315760327540e-007	3.195810e+001
7.351259905530316e-007	3.075200e+001
7.355502460865138e-007	2.873914e+001
7.359386529626200e-007	2.660762e+001
7.363170031610133e-007	2.520200e+001
7.367193354534951e-007	2.417957e+001
7.371156786756261e-007	2.348337e+001
7.374443444368994e-007	2.305435e+001
7.374444444402384e-007	2.305425e+001
7.374446444469163e-007	2.422047e+001
7.374450444463943e-007	2.855248e+001
7.374453444425333e-007	3.005204e+001
8.460552074068817e-007	3.004305e+001
9.460552073958795e-007	3.003107e+001
1.012721874055211e-006	3.002108e+001
1.112721874044209e-006	3.000307e+001
1.212721874033207e-006	2.998145e+001
1.332563944814180e-006	2.995090e+001
1.348889788879704e-006	2.994635e+001
1.348889888883043e-006	2.994635e+001
1.348890088889720e-006	2.711798e+001
1.348890488889198e-006	1.661291e+001
1.348890788885337e-006	1.297655e+001
1.391888788893070e-006	1.296110e+001
1.391888888896409e-006	1.296110e+001
1.391889088889209e-006	1.329367e+001
1.391889488888687e-006	1.452900e+001
1.391889788884826e-006	1.495660e+001
1.533832403102786e-006	1.491377e+001
1.667165736421450e-006	1.488529e+001
1.800499069740114e-006	1.486840e+001
1.967165736388443e-006	1.486359e+001
2.086334233333820e-006	1.487107e+001
2.086334333337159e-006	1.487107e+001
2.086334533329959e-006	1.773752e+001
2.086334933329437e-006	2.838468e+001
2.086335233325576e-006	3.207018e+001
2.123333233336466e-006	3.206846e+001
2.123333333339805e-006	3.206846e+001
2.123333533332605e-006	3.173516e+001
2.123333933332083e-006	3.049712e+001
2.123334233328222e-006	3.006858e+001
2.198610180886851e-006	3.006204e+001
2.331943514205515e-006	3.004067e+001
2.398610180864846e-006	3.002515e+001
2.498610180853844e-006	2.999582e+001
2.598610180842842e-006	2.995929e+001
2.723108350546899e-006	2.990394e+001
2.740778677776112e-006	2.989522e+001
2.740778777779451e-006	2.989522e+001
2.740778977786129e-006	2.709581e+001
2.740779377785607e-006	1.669826e+001
2.740779677781746e-006	1.309912e+001
2.777777677778759e-006	1.308590e+001
2.777777777782098e-006	1.308590e+001
2.777777977774898e-006	1.341848e+001
2.777778377774376e-006	1.465380e+001
2.777778677770515e-006	1.508141e+001
2.886387958658809e-006	1.504736e+001
2.986387958647807e-006	1.502250e+001
3.086387958636805e-006	1.500404e+001
3.186387958625803e-006	1.499199e+001
3.286387958614800e-006	1.498635e+001
3.386387958603798e-006	1.498712e+001
3.438889788889843e-006	1.499001e+001
3.472223122219509e-006	1.499271e+001
3.472223222222848e-006	1.499271e+001
3.472223422229526e-006	1.783923e+001
3.472223822229004e-006	2.841174e+001
3.472224122225143e-006	3.207144e+001
3.509000058715683e-006	3.206947e+001
3.510318741614671e-006	3.190395e+001
3.510958762706351e-006	3.072685e+001
3.511357342764199e-006	2.876442e+001
3.511771806033459e-006	2.652483e+001
3.512153010726271e-006	2.512839e+001
3.512560367457951e-006	2.411773e+001
3.512949273865029e-006	2.345952e+001
3.513354767073484e-006	2.299427e+001
3.513744820313192e-006	2.268951e+001
3.514145736419061e-006	2.247681e+001
3.514535177773226e-006	2.233589e+001
3.514931022491341e-006	2.223668e+001
3.515222122218997e-006	2.218172e+001
3.515222222222336e-006	2.218170e+001
3.515222422229014e-006	2.349631e+001
3.515222822228492e-006	2.837908e+001
3.515223122224631e-006	3.006926e+001
3.549972640584653e-006	3.006640e+001
3.683305973903317e-006	3.004755e+001
3.783305973892315e-006	3.002501e+001
3.916639307210978e-006	2.998369e+001
4.049972640529642e-006	2.992958e+001
4.126667566661801e-006	2.989290e+001
4.126667666665140e-006	2.989290e+001
4.126667866671818e-006	2.707342e+001
4.126668266671296e-006	1.660133e+001
4.126668566667435e-006	1.297639e+001
4.169666566661290e-006	1.296094e+001
4.169666666664629e-006	1.296094e+001
4.169666866671307e-006	1.329354e+001
4.169667266670785e-006	1.452885e+001
4.169667566666924e-006	1.495645e+001
4.278277429631272e-006	1.492258e+001
4.378277429620270e-006	1.489799e+001
4.478277429609268e-006	1.487992e+001
4.578277429598265e-006	1.486837e+001
4.678277429587263e-006	1.486335e+001
4.778277429576261e-006	1.486484e+001
4.864112011102040e-006	1.487113e+001
4.864112111105379e-006	1.487113e+001
4.864112311112057e-006	1.773980e+001
4.864112711111535e-006	2.839454e+001
4.864113011107674e-006	3.208271e+001
4.901111011104686e-006	3.208100e+001
4.901111111108025e-006	3.208100e+001
4.901111311114703e-006	3.174768e+001
4.901111711114181e-006	3.050966e+001
4.901112011110320e-006	3.008112e+001
5.009721874074669e-006	3.007046e+001
5.109721874063666e-006	3.005322e+001
5.176388540722998e-006	3.003769e+001
5.276388540711996e-006	3.000834e+001
5.376388540700994e-006	2.997178e+001
5.500887292481105e-006	2.991637e+001
5.518556455558210e-006	2.990764e+001
5.518556555561549e-006	2.990764e+001
5.518556755554349e-006	2.710836e+001
5.518557155553827e-006	1.671067e+001
5.518557455549966e-006	1.311153e+001
5.555555455546979e-006	1.309829e+001
5.555555555550318e-006	1.309829e+001
5.555555755556996e-006	1.343088e+001
5.555556155556474e-006	1.466619e+001
5.555556455552613e-006	1.509380e+001
5.697499651846627e-006	1.505066e+001
5.830832985165291e-006	1.502167e+001
5.964166318483954e-006	1.500405e+001
6.097499651802618e-006	1.499780e+001
6.197499651791616e-006	1.500051e+001
6.250000900001607e-006	1.500442e+001
6.250001000004946e-006	1.500442e+001
6.250001199997746e-006	1.783988e+001
6.250001599997224e-006	2.837191e+001
6.250001899993363e-006	3.201755e+001
6.286292944440719e-006	3.201544e+001
6.287364808732487e-006	3.114492e+001
6.287839820554031e-006	2.942022e+001
6.288217863234524e-006	2.742367e+001
6.288703951792818e-006	2.537203e+001
6.289008584584033e-006	2.448482e+001
6.289357546596097e-006	2.379368e+001
6.289758258198885e-006	2.323244e+001
6.290169738715212e-006	2.283597e+001
6.290568730346613e-006	2.257590e+001
6.290962356395036e-006	2.240218e+001
6.291353670265232e-006	2.228451e+001
6.291745028502715e-006	2.220407e+001
6.292132381735538e-006	2.214952e+001
6.292514829114859e-006	2.211247e+001
6.292888544076614e-006	2.208624e+001
6.292999900001095e-006	2.208003e+001
6.293000000004434e-006	2.208002e+001
6.293000199997234e-006	2.360321e+001
6.293000520948833e-006	2.805180e+001
6.293000835391749e-006	3.001530e+001
6.293000899992851e-006	3.001530e+001
6.392278377606586e-006	3.000727e+001
6.492278377595584e-006	2.999568e+001
6.558945044254916e-006	2.998595e+001
6.658945044243914e-006	2.996836e+001
6.758945044232911e-006	2.994717e+001
6.880111410659251e-006	2.991681e+001
6.904445344443899e-006	2.991006e+001
6.904445444447238e-006	2.991006e+001
6.904445644440038e-006	2.708868e+001
6.904446044439516e-006	1.660892e+001
6.904446344435655e-006	1.298136e+001
6.947444344443388e-006	1.297489e+001
6.947444444446727e-006	1.297489e+001
6.947444644439527e-006	1.330747e+001
6.947445044439005e-006	1.454280e+001
6.947445344435144e-006	1.497041e+001
7.056054625323438e-006	1.495631e+001
7.156054625312436e-006	1.494662e+001
7.256054625301434e-006	1.494015e+001
7.356054625290431e-006	1.493692e+001
7.456054625279429e-006	1.493691e+001
7.556054625268427e-006	1.494012e+001
7.641889788884138e-006	1.494536e+001
7.641889888887476e-006	1.494536e+001
7.641890088894154e-006	1.779714e+001
7.641890488893632e-006	2.838918e+001
7.641890788889771e-006	3.205565e+001
7.678888788886784e-006	3.205387e+001
7.678888888890123e-006	3.205387e+001
7.678889088896801e-006	3.172055e+001
7.678889488896279e-006	3.048252e+001
7.678889788892418e-006	3.005397e+001
7.689375527974995e-006	3.005331e+001
7.787499651856766e-006	3.004314e+001
7.887499651845764e-006	3.002577e+001
7.954166318505096e-006	3.001017e+001
8.054166318494094e-006	2.998073e+001
8.154166318483092e-006	2.994411e+001
8.278665070263203e-006	2.988866e+001
8.296334233326430e-006	2.987993e+001
8.296334333329769e-006	2.987993e+001
8.296334533336447e-006	2.706853e+001
8.296334933335925e-006	1.662650e+001
8.296335233332064e-006	1.301197e+001
8.317306791488788e-006	1.300875e+001
8.333333233037643e-006	1.300639e+001
Step Information: Delay=3n Delay2=3n Rload=50  (Run: 5/24)
0.000000000000000e+000	8.610966e+000
2.000066778862220e-013	8.942954e+000
6.000061558708580e-013	1.017602e+001
9.000022949123832e-013	1.060285e+001
9.800077416244335e-013	1.060285e+001
3.419440962743048e-007	1.053489e+001
6.944453444374110e-007	1.052563e+001
6.944454444407500e-007	1.052563e+001
6.944456444474279e-007	1.019237e+001
6.944460444469058e-007	8.954597e+000
6.944463444430449e-007	8.526137e+000
7.309150816120491e-007	8.528880e+000
7.320901067725538e-007	9.270916e+000
7.326283238406894e-007	1.122450e+001
7.330158649093699e-007	1.372406e+001
7.335704060723591e-007	1.700164e+001
7.338668336354104e-007	1.819113e+001
7.342020860029441e-007	1.908773e+001
7.345958642351880e-007	1.983782e+001
7.350098287922657e-007	2.038350e+001
7.354073891935320e-007	2.073890e+001
7.357992770351540e-007	2.097627e+001
7.361850540427151e-007	2.113599e+001
7.365706485157331e-007	2.124564e+001
7.369480167079834e-007	2.131975e+001
7.373168405128139e-007	2.137224e+001
7.374443444368994e-007	2.138664e+001
7.374444444402384e-007	2.138665e+001
7.374446444469163e-007	2.283232e+001
7.374450444463943e-007	2.820179e+001
7.374453444425333e-007	3.006044e+001
1.113743579236881e-006	3.000784e+001
1.247076912555545e-006	2.997610e+001
1.348889788879704e-006	2.994737e+001
1.348889888883043e-006	2.994737e+001
1.348890088889720e-006	2.785961e+001
1.348890488889198e-006	2.010525e+001
1.348890788885337e-006	1.742106e+001
1.391888788893070e-006	1.740229e+001
1.391888888896409e-006	1.740229e+001
1.391889088889209e-006	1.773477e+001
1.391889488888687e-006	1.896975e+001
1.391889788884826e-006	1.939723e+001
1.533832403102786e-006	1.933666e+001
1.633832403091784e-006	1.929635e+001
1.700499069751116e-006	1.927060e+001
1.733832403080782e-006	1.925806e+001
1.767165736410448e-006	1.924575e+001
1.833832403069780e-006	1.922183e+001
1.967165736388443e-006	1.917677e+001
2.086334233333820e-006	1.913963e+001
2.086334333337159e-006	1.913963e+001
2.086334533329959e-006	1.880689e+001
2.086334933329437e-006	1.757096e+001
2.086335233325576e-006	1.714314e+001
2.123333233336466e-006	1.713282e+001
2.123333333339805e-006	1.713282e+001
2.123333533332605e-006	1.930116e+001
2.123333933332083e-006	2.735522e+001
2.123334233328222e-006	3.014312e+001
2.231943514216517e-006	3.009756e+001
2.331943514205515e-006	3.004769e+001
2.531943514183510e-006	2.992480e+001
2.740778677776112e-006	2.976426e+001
2.740778777779451e-006	2.976426e+001
2.740778977786129e-006	2.626749e+001
2.740779377785607e-006	1.327986e+001
2.740779677781746e-006	8.784147e+000
2.777777677778759e-006	8.759533e+000
2.777777777782098e-006	8.759533e+000
2.777777977774898e-006	9.091507e+000
2.777778377774376e-006	1.032459e+001
2.777778677770515e-006	1.075143e+001
3.053054625307139e-006	1.061085e+001
3.119721291966471e-006	1.058804e+001
3.472223122219509e-006	1.054068e+001
3.472223222222848e-006	1.054068e+001
3.472223422229526e-006	1.020743e+001
3.472223822229004e-006	8.969669e+000
3.472224122225143e-006	8.541217e+000
3.511918945459103e-006	8.543951e+000
3.512703513952609e-006	9.893899e+000
3.513133199864460e-006	1.246364e+001
3.513507294813922e-006	1.516507e+001
3.513934038301692e-006	1.729501e+001
3.514343656682573e-006	1.868166e+001
3.514740603838273e-006	1.958353e+001
3.515131382497705e-006	2.021955e+001
3.515222122218997e-006	2.033645e+001
3.515222222222336e-006	2.033656e+001
3.515222422229014e-006	2.196025e+001
3.515222822228492e-006	2.799047e+001
3.515223122224631e-006	3.007783e+001
3.823832985166975e-006	3.001851e+001
3.990499651815305e-006	2.995591e+001
4.023832985144971e-006	2.994083e+001
4.126667566661801e-006	2.988917e+001
4.126667666665140e-006	2.988917e+001
4.126667866671818e-006	2.781150e+001
4.126668266671296e-006	2.009463e+001
4.126668566667435e-006	1.742341e+001
4.169666566661290e-006	1.740465e+001
4.169666666664629e-006	1.740465e+001
4.169666866671307e-006	1.773715e+001
4.169667266670785e-006	1.897211e+001
4.169667566666924e-006	1.939960e+001
4.311610762960938e-006	1.933907e+001
4.411610762949936e-006	1.929879e+001
4.478277429609268e-006	1.927305e+001
4.511610762938934e-006	1.926053e+001
4.544944096268599e-006	1.924823e+001
4.611610762927931e-006	1.922432e+001
4.744944096246595e-006	1.917929e+001
4.864112011102040e-006	1.914218e+001
4.864112111105379e-006	1.914218e+001
4.864112311112057e-006	1.880942e+001
4.864112711111535e-006	1.757350e+001
4.864113011107674e-006	1.714568e+001
4.901111011104686e-006	1.713538e+001
4.901111111108025e-006	1.713538e+001
4.901111311114703e-006	1.930569e+001
4.901111711114181e-006	2.736664e+001
4.901112011110320e-006	3.015697e+001
5.009721874074669e-006	3.011141e+001
5.109721874063666e-006	3.006153e+001
5.309721874041662e-006	2.993858e+001
5.518556455558210e-006	2.977792e+001
5.518556555561549e-006	2.977792e+001
5.518556755554349e-006	2.628090e+001
5.518557155553827e-006	1.329157e+001
5.518557455549966e-006	8.795336e+000
5.555555455546979e-006	8.770697e+000
5.555555555550318e-006	8.770697e+000
5.555555755556996e-006	9.102685e+000
5.555556155556474e-006	1.033575e+001
5.555556455552613e-006	1.076258e+001
5.830832985165291e-006	1.062177e+001
5.897499651824623e-006	1.059889e+001
6.250000900001607e-006	1.055111e+001
6.250001000004946e-006	1.055111e+001
6.250001199997746e-006	1.021787e+001
6.250001599997224e-006	8.980112e+000
6.250001899993363e-006	8.551662e+000
6.290326161215165e-006	8.554399e+000
6.291565881264005e-006	1.021182e+001
6.292128464688296e-006	1.314157e+001
6.292520412995439e-006	1.572987e+001
6.292936767238189e-006	1.776419e+001
6.292999900001095e-006	1.800887e+001
6.293000000004434e-006	1.800920e+001
6.293000199997234e-006	2.000911e+001
6.293000599996712e-006	2.743613e+001
6.293000899992851e-006	3.000691e+001
6.701610180848139e-006	2.994756e+001
6.801610180837137e-006	2.992329e+001
6.904445344443899e-006	2.989446e+001
6.904445444447238e-006	2.989446e+001
6.904445644440038e-006	2.781506e+001
6.904446044439516e-006	2.009131e+001
6.904446344435655e-006	1.741775e+001
6.947444344443388e-006	1.740896e+001
6.947444444446727e-006	1.740896e+001
6.947444644439527e-006	1.774145e+001
6.947445044439005e-006	1.897644e+001
6.947445344435144e-006	1.940394e+001
7.156054625312436e-006	1.936191e+001
7.256054625301434e-006	1.934326e+001
7.289387958631100e-006	1.933726e+001
7.389387958620097e-006	1.931993e+001
7.641889788884138e-006	1.928058e+001
7.641889888887476e-006	1.928058e+001
7.641890088894154e-006	1.894783e+001
7.641890488893632e-006	1.771193e+001
7.641890788889771e-006	1.728412e+001
7.678888788886784e-006	1.727938e+001
7.678888888890123e-006	1.727938e+001
7.678889088896801e-006	1.941988e+001
7.678889488896279e-006	2.737013e+001
7.678889788892418e-006	3.012213e+001
7.787499651856766e-006	3.007630e+001
7.887499651845764e-006	3.002620e+001
8.087499651823760e-006	2.990292e+001
8.296334233326430e-006	2.974204e+001
8.296334333329769e-006	2.974204e+001
8.296334533336447e-006	2.622192e+001
8.296334933335925e-006	1.314754e+001
8.296335233332064e-006	8.621809e+000
8.317306791488788e-006	8.615596e+000
8.333333233037643e-006	8.610977e+000
Step Information: Delay=3n Delay2=3n Rload=25  (Run: 9/24)
0.000000000000000e+000	6.969565e+000
2.000066778862220e-013	7.300743e+000
6.000061558708580e-013	8.530800e+000
9.000022949123832e-013	8.956588e+000
9.800077416244335e-013	8.956588e+000
3.086107629446389e-007	8.831958e+000
3.752774296039707e-007	8.812201e+000
6.944453444374110e-007	8.752994e+000
6.944454444407500e-007	8.752994e+000
6.944456444474279e-007	8.420354e+000
6.944460444469058e-007	7.184867e+000
6.944463444430449e-007	6.757200e+000
7.374443444368994e-007	6.753858e+000
7.374444444402384e-007	6.753858e+000
7.374446444469163e-007	1.065463e+001
7.374450444463943e-007	2.514284e+001
7.374453444425333e-007	3.015797e+001
1.146055207373875e-006	3.003111e+001
1.279388540692539e-006	2.997569e+001
1.315556455563915e-006	2.995958e+001
1.348889788879704e-006	2.994419e+001
1.348889888883043e-006	2.994419e+001
1.348890088889720e-006	2.814862e+001
1.348890488889198e-006	2.147951e+001
1.348890788885337e-006	1.917098e+001
1.391888788893070e-006	1.913730e+001
1.391888888896409e-006	1.913730e+001
1.391889088889209e-006	1.946917e+001
1.391889488888687e-006	2.070185e+001
1.391889788884826e-006	2.112854e+001
1.433832403113788e-006	2.109533e+001
1.467165736443454e-006	2.106897e+001
1.500499069773120e-006	2.104266e+001
1.533832403102786e-006	2.101640e+001
1.567165736432452e-006	2.099019e+001
1.600499069762118e-006	2.096403e+001
1.633832403091784e-006	2.093792e+001
1.667165736421450e-006	2.091187e+001
1.700499069751116e-006	2.088589e+001
1.733832403080782e-006	2.085996e+001
1.767165736410448e-006	2.083411e+001
1.800499069740114e-006	2.080832e+001
1.833832403069780e-006	2.078260e+001
1.867165736399445e-006	2.075695e+001
1.900499069729111e-006	2.073138e+001
1.933832403058777e-006	2.070589e+001
1.967165736388443e-006	2.068048e+001
2.033832403047775e-006	2.062991e+001
2.086334233333820e-006	2.059032e+001
2.086334333337159e-006	2.059032e+001
2.086334533329959e-006	2.025839e+001
2.086334933329437e-006	1.902546e+001
2.086335233325576e-006	1.859868e+001
2.123333233336466e-006	1.857156e+001
2.123333333339805e-006	1.857156e+001
2.123333533332605e-006	2.051418e+001
2.123333933332083e-006	2.772988e+001
2.123334233328222e-006	3.022758e+001
2.165276847557185e-006	3.019228e+001
2.231943514216517e-006	3.013345e+001
2.365276847535180e-006	3.000554e+001
2.565276847513176e-006	2.978813e+001
2.740778677776112e-006	2.957288e+001
2.740778777779451e-006	2.957288e+001
2.740778977786129e-006	2.585424e+001
2.740779377785607e-006	1.204253e+001
2.740779677781746e-006	7.261570e+000
2.777777677778759e-006	7.220979e+000
2.777777777782098e-006	7.220979e+000
2.777777977774898e-006	7.552146e+000
2.777778377774376e-006	8.782236e+000
2.777778677770515e-006	9.208030e+000
3.019721291977473e-006	8.981263e+000
3.119721291966471e-006	8.906865e+000
3.219721291955469e-006	8.843936e+000
3.472223122219509e-006	8.736021e+000
3.472223222222848e-006	8.736021e+000
3.472223422229526e-006	8.403387e+000
3.472223822229004e-006	7.167923e+000
3.472224122225143e-006	6.740263e+000
3.515222122218997e-006	6.729533e+000
3.515222222222336e-006	6.729533e+000
3.515222422229014e-006	1.063236e+001
3.515222822228492e-006	2.512819e+001
3.515223122224631e-006	3.014597e+001
3.857166318496641e-006	2.996314e+001
4.023832985144971e-006	2.984137e+001
4.093334233346013e-006	2.978457e+001
4.126667566661801e-006	2.975594e+001
4.126667666665140e-006	2.975594e+001
4.126667866671818e-006	2.799375e+001
4.126668266671296e-006	2.144865e+001
4.126668566667435e-006	1.918304e+001
4.169666566661290e-006	1.914944e+001
4.169666666664629e-006	1.914944e+001
4.169666866671307e-006	1.948132e+001
4.169667266670785e-006	2.071400e+001
4.169667566666924e-006	2.114069e+001
4.211610762971940e-006	2.110754e+001
4.244944096301606e-006	2.108125e+001
4.278277429631272e-006	2.105499e+001
4.311610762960938e-006	2.102877e+001
4.344944096290604e-006	2.100261e+001
4.378277429620270e-006	2.097650e+001
4.411610762949936e-006	2.095044e+001
4.444944096279602e-006	2.092444e+001
4.478277429609268e-006	2.089849e+001
4.511610762938934e-006	2.087261e+001
4.544944096268599e-006	2.084680e+001
4.578277429598265e-006	2.082105e+001
4.611610762927931e-006	2.079537e+001
4.644944096257597e-006	2.076976e+001
4.678277429587263e-006	2.074423e+001
4.711610762916929e-006	2.071877e+001
4.744944096246595e-006	2.069340e+001
4.811610762905927e-006	2.064289e+001
4.864112011102040e-006	2.060335e+001
4.864112111105379e-006	2.060335e+001
4.864112311112057e-006	2.027140e+001
4.864112711111535e-006	1.903848e+001
4.864113011107674e-006	1.861169e+001
4.901111011104686e-006	1.858460e+001
4.901111111108025e-006	1.858460e+001
4.901111311114703e-006	2.053016e+001
4.901111711114181e-006	2.775630e+001
4.901112011110320e-006	3.025765e+001
4.943055207415337e-006	3.022237e+001
5.009721874074669e-006	3.016357e+001
5.143055207393332e-006	3.003569e+001
5.343055207371328e-006	2.981822e+001
5.518556455558210e-006	2.960284e+001
5.518556555561549e-006	2.960284e+001
5.518556755554349e-006	2.588221e+001
5.518557155553827e-006	1.206229e+001
5.518557455549966e-006	7.278542e+000
5.555555455546979e-006	7.237916e+000
5.555555555550318e-006	7.237916e+000
5.555555755556996e-006	7.569098e+000
5.555556155556474e-006	8.799167e+000
5.555556455552613e-006	9.224958e+000
5.797499651835625e-006	8.997910e+000
5.897499651824623e-006	8.923371e+000
5.997499651813620e-006	8.860286e+000
6.250000900001607e-006	8.751913e+000
6.250001000004946e-006	8.751913e+000
6.250001199997746e-006	8.419298e+000
6.250001599997224e-006	7.183831e+000
6.250001899993363e-006	6.756176e+000
6.292999900001095e-006	6.745358e+000
6.293000000004434e-006	6.745358e+000
6.293000199997234e-006	1.061393e+001
6.293000599996712e-006	2.498334e+001
6.293000899992851e-006	2.995730e+001
6.701610180848139e-006	2.983082e+001
6.834943514166803e-006	2.977585e+001
6.876782338349763e-006	2.975732e+001
6.904445344443899e-006	2.974465e+001
6.904445444447238e-006	2.974465e+001
6.904445644440038e-006	2.797976e+001
6.904446044439516e-006	2.142428e+001
6.904446344435655e-006	1.915510e+001
6.947444344443388e-006	1.913870e+001
6.947444444446727e-006	1.913870e+001
6.947444644439527e-006	1.947058e+001
6.947445044439005e-006	2.070330e+001
6.947445344435144e-006	2.113001e+001
6.989387958664106e-006	2.111357e+001
7.056054625323438e-006	2.108752e+001
7.089387958653104e-006	2.107452e+001
7.122721291982770e-006	2.106154e+001
7.156054625312436e-006	2.104859e+001
7.189387958642102e-006	2.103565e+001
7.222721291971768e-006	2.102275e+001
7.256054625301434e-006	2.100986e+001
7.289387958631100e-006	2.099701e+001
7.322721291960765e-006	2.098417e+001
7.356054625290431e-006	2.097137e+001
7.389387958620097e-006	2.095859e+001
7.422721291949763e-006	2.094584e+001
7.489387958609095e-006	2.092042e+001
7.556054625268427e-006	2.089512e+001
7.641889788884138e-006	2.086272e+001
7.641889888887476e-006	2.086272e+001
7.641890088894154e-006	2.053077e+001
7.641890488893632e-006	1.929787e+001
7.641890788889771e-006	1.887110e+001
7.678888788886784e-006	1.885774e+001
7.678888888890123e-006	1.885774e+001
7.678889088896801e-006	2.075330e+001
7.678889488896279e-006	2.779374e+001
7.678889788892418e-006	3.023081e+001
7.720832985197434e-006	3.019535e+001
7.787499651856766e-006	3.013628e+001
7.920832985175430e-006	3.000790e+001
8.120832985153426e-006	2.978975e+001
8.296334233326430e-006	2.957386e+001
8.296334333329769e-006	2.957386e+001
8.296334533336447e-006	2.580949e+001
8.296334933335925e-006	1.182790e+001
8.296335233332064e-006	6.988128e+000
8.317306791488788e-006	6.977468e+000
8.333333233037643e-006	6.969470e+000
Step Information: Delay=3n Delay2=3n Rload=15  (Run: 13/24)
0.000000000000000e+000	7.046922e+000
2.000066778862220e-013	7.377159e+000
6.000061558708580e-013	8.603719e+000
9.000022949123832e-013	9.028296e+000
9.800077416244335e-013	9.028295e+000
2.752774296149729e-007	8.843481e+000
3.419440962743048e-007	8.805233e+000
4.752774295929685e-007	8.736439e+000
6.944453444374110e-007	8.645598e+000
6.944454444407500e-007	8.645598e+000
6.944456444474279e-007	8.313903e+000
6.944460444469058e-007	7.081926e+000
6.944463444430449e-007	6.655473e+000
7.374443444368994e-007	6.641072e+000
7.374444444402384e-007	6.641072e+000
7.374446444469163e-007	1.058001e+001
7.374450444463943e-007	2.520994e+001
7.374453444425333e-007	3.027413e+001
1.046055207384877e-006	3.010426e+001
1.212721874033207e-006	2.999703e+001
1.279388540692539e-006	2.995113e+001
1.315556455563915e-006	2.992562e+001
1.348889788879704e-006	2.990157e+001
1.348889888883043e-006	2.990157e+001
1.348890088889720e-006	2.811894e+001
1.348890488889198e-006	2.149793e+001
1.348890788885337e-006	1.920604e+001
1.391888788893070e-006	1.914999e+001
1.391888888896409e-006	1.914999e+001
1.391889088889209e-006	1.948091e+001
1.391889488888687e-006	2.071004e+001
1.391889788884826e-006	2.113551e+001
1.433832403113788e-006	2.108047e+001
1.467165736443454e-006	2.103678e+001
1.500499069773120e-006	2.099313e+001
1.533832403102786e-006	2.094953e+001
1.567165736432452e-006	2.090599e+001
1.600499069762118e-006	2.086251e+001
1.633832403091784e-006	2.081910e+001
1.667165736421450e-006	2.077576e+001
1.700499069751116e-006	2.073249e+001
1.733832403080782e-006	2.068930e+001
1.767165736410448e-006	2.064620e+001
1.800499069740114e-006	2.060318e+001
1.833832403069780e-006	2.056025e+001
1.867165736399445e-006	2.051742e+001
1.900499069729111e-006	2.047469e+001
1.933832403058777e-006	2.043207e+001
1.967165736388443e-006	2.038955e+001
2.000499069718109e-006	2.034715e+001
2.053000900004154e-006	2.028059e+001
2.086334233333820e-006	2.023848e+001
2.086334333337159e-006	2.023848e+001
2.086334533329959e-006	1.990748e+001
2.086334933329437e-006	1.867804e+001
2.086335233325576e-006	1.825246e+001
2.123333233336466e-006	1.820651e+001
2.123333333339805e-006	1.820651e+001
2.123333533332605e-006	2.022671e+001
2.123333933332083e-006	2.773056e+001
2.123334233328222e-006	3.032801e+001
2.165276847557185e-006	3.027122e+001
2.198610180886851e-006	3.022512e+001
2.265276847546183e-006	3.013045e+001
2.398610180864846e-006	2.993074e+001
2.565276847513176e-006	2.966208e+001
2.740778677776112e-006	2.935730e+001
2.740778777779451e-006	2.935730e+001
2.740778977786129e-006	2.572004e+001
2.740779377785607e-006	1.221057e+001
2.740779677781746e-006	7.534231e+000
2.777777677778759e-006	7.474664e+000
2.777777777782098e-006	7.474664e+000
2.777777977774898e-006	7.804894e+000
2.777778377774376e-006	9.031504e+000
2.777778677770515e-006	9.456092e+000
2.986387958647807e-006	9.149110e+000
3.086387958636805e-006	9.019125e+000
3.119721291966471e-006	8.978319e+000
3.186387958625803e-006	8.900513e+000
3.353054625274132e-006	8.728351e+000
3.472223122219509e-006	8.624662e+000
3.472223222222848e-006	8.624662e+000
3.472223422229526e-006	8.292978e+000
3.472223822229004e-006	7.061044e+000
3.472224122225143e-006	6.634606e+000
3.515222122218997e-006	6.601616e+000
3.515222222222336e-006	6.601616e+000
3.515222422229014e-006	1.054473e+001
3.515222822228492e-006	2.519020e+001
3.515223122224631e-006	3.025977e+001
3.757166318507643e-006	3.001392e+001
3.923832985155973e-006	2.981826e+001
4.023832985144971e-006	2.969075e+001
4.090499651804302e-006	2.960180e+001
4.099003396429435e-006	2.959020e+001
4.126667566661801e-006	2.955208e+001
4.126667666665140e-006	2.955208e+001
4.126667866671818e-006	2.783180e+001
4.126668266671296e-006	2.144234e+001
4.126668566667435e-006	1.923060e+001
4.169666566661290e-006	1.917469e+001
4.169666666664629e-006	1.917469e+001
4.169666866671307e-006	1.950562e+001
4.169667266670785e-006	2.073477e+001
4.169667566666924e-006	2.116024e+001
4.211610762971940e-006	2.110533e+001
4.244944096301606e-006	2.106173e+001
4.278277429631272e-006	2.101818e+001
4.311610762960938e-006	2.097468e+001
4.344944096290604e-006	2.093123e+001
4.378277429620270e-006	2.088784e+001
4.411610762949936e-006	2.084451e+001
4.444944096279602e-006	2.080125e+001
4.478277429609268e-006	2.075807e+001
4.511610762938934e-006	2.071495e+001
4.544944096268599e-006	2.067192e+001
4.578277429598265e-006	2.062898e+001
4.611610762927931e-006	2.058612e+001
4.644944096257597e-006	2.054336e+001
4.678277429587263e-006	2.050069e+001
4.711610762916929e-006	2.045813e+001
4.744944096246595e-006	2.041568e+001
4.778277429576261e-006	2.037333e+001
4.830778677786252e-006	2.030685e+001
4.864112011102040e-006	2.026479e+001
4.864112111105379e-006	2.026479e+001
4.864112311112057e-006	1.993378e+001
4.864112711111535e-006	1.870434e+001
4.864113011107674e-006	1.827876e+001
4.901111011104686e-006	1.823286e+001
4.901111111108025e-006	1.823286e+001
4.901111311114703e-006	2.025795e+001
4.901111711114181e-006	2.777953e+001
4.901112011110320e-006	3.038314e+001
4.943055207415337e-006	3.032639e+001
4.976388540745003e-006	3.028032e+001
5.043055207404334e-006	3.018569e+001
5.176388540722998e-006	2.998598e+001
5.343055207371328e-006	2.971721e+001
5.518556455558210e-006	2.941217e+001
5.518556555561549e-006	2.941217e+001
5.518556755554349e-006	2.577070e+001
5.518557155553827e-006	1.224484e+001
5.518557455549966e-006	7.562882e+000
5.555555455546979e-006	7.503251e+000
5.555555555550318e-006	7.503251e+000
5.555555755556996e-006	7.833493e+000
5.555556155556474e-006	9.060076e+000
5.555556455552613e-006	9.484661e+000
5.764166318505959e-006	9.177237e+000
5.864166318494957e-006	9.047003e+000
5.897499651824623e-006	9.006107e+000
5.964166318483954e-006	8.928116e+000
6.130832985132284e-006	8.755440e+000
6.250000900001607e-006	8.651346e+000
6.250001000004946e-006	8.651346e+000
6.250001199997746e-006	8.319684e+000
6.250001599997224e-006	7.087757e+000
6.250001899993363e-006	6.661326e+000
6.292999900001095e-006	6.628182e+000
6.293000000004434e-006	6.628182e+000
6.293000199997234e-006	1.050842e+001
6.293000599996712e-006	2.492121e+001
6.293000899992851e-006	2.991018e+001
6.601610180859141e-006	2.974051e+001
6.768276847507471e-006	2.963404e+001
6.871112011114233e-006	2.956332e+001
6.888122992820822e-006	2.955122e+001
6.904445344443899e-006	2.953954e+001
6.904445444447238e-006	2.953954e+001
6.904445644440038e-006	2.781466e+001
6.904446044439516e-006	2.140779e+001
6.904446344435655e-006	1.919006e+001
6.947444344443388e-006	1.916256e+001
6.947444444446727e-006	1.916256e+001
6.947444644439527e-006	1.949349e+001
6.947445044439005e-006	2.072270e+001
6.947445344435144e-006	2.114820e+001
6.989387958664106e-006	2.112093e+001
7.022721291993772e-006	2.109929e+001
7.056054625323438e-006	2.107766e+001
7.089387958653104e-006	2.105606e+001
7.122721291982770e-006	2.103448e+001
7.156054625312436e-006	2.101292e+001
7.189387958642102e-006	2.099138e+001
7.222721291971768e-006	2.096988e+001
7.256054625301434e-006	2.094839e+001
7.289387958631100e-006	2.092694e+001
7.322721291960765e-006	2.090552e+001
7.356054625290431e-006	2.088413e+001
7.389387958620097e-006	2.086276e+001
7.422721291949763e-006	2.084143e+001
7.456054625279429e-006	2.082014e+001
7.489387958609095e-006	2.079888e+001
7.556054625268427e-006	2.075646e+001
7.608556455554472e-006	2.072316e+001
7.641889788884138e-006	2.070206e+001
7.641889888887476e-006	2.070206e+001
7.641890088894154e-006	2.037106e+001
7.641890488893632e-006	1.914166e+001
7.641890788889771e-006	1.871610e+001
7.678888788886784e-006	1.869327e+001
7.678888888890123e-006	1.869327e+001
7.678889088896801e-006	2.063468e+001
7.678889488896279e-006	2.784546e+001
7.678889788892418e-006	3.034149e+001
7.699861347049142e-006	3.031316e+001
7.720832985197434e-006	3.028444e+001
7.787499651856766e-006	3.019102e+001
7.887499651845764e-006	3.004447e+001
8.020832985164428e-006	2.983707e+001
8.187499651812757e-006	2.955904e+001
8.296334233326430e-006	2.936675e+001
8.296334333329769e-006	2.936675e+001
8.296334533336447e-006	2.565137e+001
8.296334933335925e-006	1.185179e+001
8.296335233332064e-006	7.075026e+000
8.317306791488788e-006	7.058965e+000
8.333333233037643e-006	7.046838e+000
Step Information: Delay=3n Delay2=3n Rload=10  (Run: 17/24)
0.000000000000000e+000	7.142826e+000
2.000066778862220e-013	7.471892e+000
6.000061558708580e-013	8.694105e+000
9.000022949123832e-013	9.117178e+000
9.800077416244335e-013	9.117178e+000
2.419440962853070e-007	8.874889e+000
3.419440962743048e-007	8.784477e+000
4.419440962633026e-007	8.699848e+000
6.944453444374110e-007	8.511931e+000
6.944454444407500e-007	8.511931e+000
6.944456444474279e-007	8.181410e+000
6.944460444469058e-007	6.953792e+000
6.944463444430449e-007	6.528849e+000
7.374443444368994e-007	6.500707e+000
7.374444444402384e-007	6.500707e+000
7.374446444469163e-007	1.048709e+001
7.374450444463943e-007	2.529327e+001
7.374453444425333e-007	3.041847e+001
1.012721874055211e-006	3.018003e+001
1.179388540703541e-006	3.002113e+001
1.279388540692539e-006	2.992062e+001
1.315556455563915e-006	2.988342e+001
1.348889788879704e-006	2.984861e+001
1.348889888883043e-006	2.984861e+001
1.348890088889720e-006	2.808211e+001
1.348890488889198e-006	2.152098e+001
1.348890788885337e-006	1.924983e+001
1.391888788893070e-006	1.916598e+001
1.391888888896409e-006	1.916598e+001
1.391889088889209e-006	1.949571e+001
1.391889488888687e-006	2.072045e+001
1.391889788884826e-006	2.114439e+001
1.433832403113788e-006	2.106223e+001
1.467165736443454e-006	2.099699e+001
1.500499069773120e-006	2.093180e+001
1.533832403102786e-006	2.086666e+001
1.567165736432452e-006	2.080159e+001
1.600499069762118e-006	2.073660e+001
1.633832403091784e-006	2.067168e+001
1.667165736421450e-006	2.060684e+001
1.700499069751116e-006	2.054210e+001
1.733832403080782e-006	2.047746e+001
1.767165736410448e-006	2.041292e+001
1.800499069740114e-006	2.034850e+001
1.833832403069780e-006	2.028419e+001
1.867165736399445e-006	2.022000e+001
1.900499069729111e-006	2.015595e+001
1.933832403058777e-006	2.009203e+001
1.967165736388443e-006	2.002826e+001
2.000499069718109e-006	1.996464e+001
2.033832403047775e-006	1.990115e+001
2.086334233333820e-006	1.980150e+001
2.086334333337159e-006	1.980150e+001
2.086334533329959e-006	1.947167e+001
2.086334933329437e-006	1.824655e+001
2.086335233325576e-006	1.782248e+001
2.123333233336466e-006	1.775312e+001
2.123333333339805e-006	1.775312e+001
2.123333533332605e-006	1.986968e+001
2.123333933332083e-006	2.773146e+001
2.123334233328222e-006	3.045281e+001
2.165276847557185e-006	3.036933e+001
2.198610180886851e-006	3.030200e+001
2.265276847546183e-006	3.016486e+001
2.365276847535180e-006	2.995263e+001
2.498610180853844e-006	2.965781e+001
2.665276847502174e-006	2.927094e+001
2.740778677776112e-006	2.908941e+001
2.740778777779451e-006	2.908941e+001
2.740778977786129e-006	2.555323e+001
2.740779377785607e-006	1.241920e+001
2.740779677781746e-006	7.872818e+000
2.777777677778759e-006	7.789673e+000
2.777777777782098e-006	7.789672e+000
2.777777977774898e-006	8.118738e+000
2.777778377774376e-006	9.341022e+000
2.777778677770515e-006	9.764113e+000
2.953054625318141e-006	9.390735e+000
3.053054625307139e-006	9.192692e+000
3.119721291966471e-006	9.066887e+000
3.153054625296137e-006	9.005869e+000
3.219721291955469e-006	8.887633e+000
3.353054625274132e-006	8.666506e+000
3.472223122219509e-006	8.486071e+000
3.472223222222848e-006	8.486071e+000
3.472223422229526e-006	8.155568e+000
3.472223822229004e-006	6.928019e+000
3.472224122225143e-006	6.503098e+000
3.515222122218997e-006	6.442450e+000
3.515222222222336e-006	6.442450e+000
3.515222422229014e-006	1.043566e+001
3.515222822228492e-006	2.526720e+001
3.515223122224631e-006	3.040118e+001
3.723832985177977e-006	3.005709e+001
3.857166318496641e-006	2.981947e+001
3.957166318485639e-006	2.963241e+001
4.023832985144971e-006	2.950359e+001
4.057166318474637e-006	2.943797e+001
4.090499651804302e-006	2.937173e+001
4.110341722596278e-006	2.933180e+001
4.126667566661801e-006	2.929878e+001
4.126667666665140e-006	2.929878e+001
4.126667866671818e-006	2.763060e+001
4.126668266671296e-006	2.143466e+001
4.126668566667435e-006	1.928992e+001
4.169666566661290e-006	1.920629e+001
4.169666666664629e-006	1.920629e+001
4.169666866671307e-006	1.953604e+001
4.169667266670785e-006	2.076080e+001
4.169667566666924e-006	2.118476e+001
4.211610762971940e-006	2.110279e+001
4.244944096301606e-006	2.103771e+001
4.278277429631272e-006	2.097266e+001
4.311610762960938e-006	2.090768e+001
4.344944096290604e-006	2.084275e+001
4.378277429620270e-006	2.077789e+001
4.411610762949936e-006	2.071311e+001
4.444944096279602e-006	2.064840e+001
4.478277429609268e-006	2.058379e+001
4.511610762938934e-006	2.051927e+001
4.544944096268599e-006	2.045485e+001
4.578277429598265e-006	2.039053e+001
4.611610762927931e-006	2.032633e+001
4.644944096257597e-006	2.026225e+001
4.678277429587263e-006	2.019830e+001
4.711610762916929e-006	2.013448e+001
4.744944096246595e-006	2.007080e+001
4.778277429576261e-006	2.000726e+001
4.830778677786252e-006	1.990748e+001
4.864112011102040e-006	1.984433e+001
4.864112111105379e-006	1.984433e+001
4.864112311112057e-006	1.951448e+001
4.864112711111535e-006	1.828936e+001
4.864113011107674e-006	1.786528e+001
4.901111011104686e-006	1.779600e+001
4.901111111108025e-006	1.779600e+001
4.901111311114703e-006	1.991990e+001
4.901111711114181e-006	2.780844e+001
4.901112011110320e-006	3.053908e+001
4.943055207415337e-006	3.045566e+001
4.976388540745003e-006	3.038837e+001
5.043055207404334e-006	3.025129e+001
5.143055207393332e-006	3.003908e+001
5.276388540711996e-006	2.974416e+001
5.443055207360326e-006	2.935697e+001
5.518556455558210e-006	2.917524e+001
5.518556555561549e-006	2.917524e+001
5.518556755554349e-006	2.563211e+001
5.518557155553827e-006	1.247151e+001
5.518557455549966e-006	7.915983e+000
5.555555455546979e-006	7.832734e+000
5.555555555550318e-006	7.832734e+000
5.555555755556996e-006	8.161810e+000
5.555556155556474e-006	9.384061e+000
5.555556455552613e-006	9.807146e+000
5.730832985176293e-006	9.433195e+000
5.830832985165291e-006	9.234774e+000
5.897499651824623e-006	9.108696e+000
5.930832985154289e-006	9.047535e+000
5.997499651813620e-006	8.929001e+000
6.130832985132284e-006	8.707229e+000
6.250000900001607e-006	8.526165e+000
6.250001000004946e-006	8.526165e+000
6.250001199997746e-006	8.195687e+000
6.250001599997224e-006	6.968157e+000
6.250001899993363e-006	6.543250e+000
6.292999900001095e-006	6.482363e+000
6.293000000004434e-006	6.482363e+000
6.293000199997234e-006	1.037715e+001
6.293000599996712e-006	2.484396e+001
6.293000899992851e-006	2.985163e+001
6.568276847529475e-006	2.961331e+001
6.734943514177805e-006	2.945543e+001
6.834943514166803e-006	2.935587e+001
6.871112011114233e-006	2.931907e+001
6.888122992820822e-006	2.930155e+001
6.904445344443899e-006	2.928467e+001
6.904445444447238e-006	2.928467e+001
6.904445644440038e-006	2.760954e+001
6.904446044439516e-006	2.138747e+001
6.904446344435655e-006	1.923371e+001
6.947444344443388e-006	1.919242e+001
6.947444444446727e-006	1.919242e+001
6.947444644439527e-006	1.952218e+001
6.947445044439005e-006	2.074703e+001
6.947445344435144e-006	2.117101e+001
6.968416611546902e-006	2.115065e+001
6.989387958664106e-006	2.113029e+001
7.022721291993772e-006	2.109796e+001
7.056054625323438e-006	2.106564e+001
7.089387958653104e-006	2.103334e+001
7.122721291982770e-006	2.100106e+001
7.156054625312436e-006	2.096881e+001
7.189387958642102e-006	2.093659e+001
7.222721291971768e-006	2.090440e+001
7.256054625301434e-006	2.087223e+001
7.289387958631100e-006	2.084010e+001
7.322721291960765e-006	2.080800e+001
7.356054625290431e-006	2.077594e+001
7.389387958620097e-006	2.074391e+001
7.422721291949763e-006	2.071193e+001
7.456054625279429e-006	2.067998e+001
7.489387958609095e-006	2.064807e+001
7.522721291938761e-006	2.061621e+001
7.556054625268427e-006	2.058439e+001
7.608556455554472e-006	2.053436e+001
7.641889788884138e-006	2.050266e+001
7.641889888887476e-006	2.050266e+001
7.641890088894154e-006	2.017282e+001
7.641890488893632e-006	1.894777e+001
7.641890788889771e-006	1.852371e+001
7.678888788886784e-006	1.848911e+001
7.678888888890123e-006	1.848911e+001
7.678889088896801e-006	2.048748e+001
7.678889488896279e-006	2.790976e+001
7.678889788892418e-006	3.047901e+001
7.699861347049142e-006	3.043727e+001
7.720832985197434e-006	3.039513e+001
7.754166318527100e-006	3.032748e+001
7.820832985186432e-006	3.018970e+001
7.920832985175430e-006	2.997648e+001
8.054166318494094e-006	2.968031e+001
8.220832985142423e-006	2.929171e+001
8.296334233326430e-006	2.910939e+001
8.296334333329769e-006	2.910939e+001
8.296334533336447e-006	2.545487e+001
8.296334933335925e-006	1.188131e+001
8.296335233332064e-006	7.182784e+000
8.317306791488788e-006	7.160013e+000
8.333333233037643e-006	7.142756e+000
Step Information: Delay=3n Delay2=3n Rload=5  (Run: 21/24)
0.000000000000000e+000	7.427223e+000
2.000066778862220e-013	7.752825e+000
6.000061558708580e-013	8.962171e+000
9.000022949123832e-013	9.380789e+000
9.800077416244335e-013	9.380789e+000
1.752774296259752e-007	9.035639e+000
2.752774296149729e-007	8.846418e+000
3.419440962743048e-007	8.723464e+000
4.086107629336366e-007	8.603091e+000
5.419440962523003e-007	8.370178e+000
6.944453444374110e-007	8.116597e+000
6.944454444407500e-007	8.116597e+000
6.944456444474279e-007	7.789552e+000
6.944460444469058e-007	6.574844e+000
6.944463444430449e-007	6.154369e+000
7.374443444368994e-007	6.085542e+000
7.374444444402384e-007	6.085542e+000
7.374446444469163e-007	1.021235e+001
7.374450444463943e-007	2.554010e+001
7.374453444425333e-007	3.084584e+001
9.127218740662135e-007	3.053033e+001
1.046055207384877e-006	3.028193e+001
1.146055207373875e-006	3.009096e+001
1.212721874033207e-006	2.996147e+001
1.246055207362873e-006	2.989608e+001
1.279388540692539e-006	2.983027e+001
1.321225618647337e-006	2.974717e+001
1.348889788879704e-006	2.969180e+001
1.348889888883043e-006	2.969180e+001
1.348890088889720e-006	2.797297e+001
1.348890488889198e-006	2.158890e+001
1.348890788885337e-006	1.937903e+001
1.391888788893070e-006	1.921288e+001
1.391888888896409e-006	1.921288e+001
1.391889088889209e-006	1.953910e+001
1.391889488888687e-006	2.075081e+001
1.391889788884826e-006	2.117024e+001
1.433832403113788e-006	2.100779e+001
1.467165736443454e-006	2.087875e+001
1.500499069773120e-006	2.074976e+001
1.533832403102786e-006	2.062085e+001
1.567165736432452e-006	2.049203e+001
1.600499069762118e-006	2.036332e+001
1.633832403091784e-006	2.023473e+001
1.667165736421450e-006	2.010627e+001
1.700499069751116e-006	1.997794e+001
1.733832403080782e-006	1.984978e+001
1.767165736410448e-006	1.972178e+001
1.800499069740114e-006	1.959397e+001
1.833832403069780e-006	1.946635e+001
1.867165736399445e-006	1.933894e+001
1.900499069729111e-006	1.921175e+001
1.933832403058777e-006	1.908479e+001
1.967165736388443e-006	1.895808e+001
2.000499069718109e-006	1.883163e+001
2.033832403047775e-006	1.870542e+001
2.086334233333820e-006	1.850721e+001
2.086334333337159e-006	1.850721e+001
2.086334533329959e-006	1.818083e+001
2.086334933329437e-006	1.696854e+001
2.086335233325576e-006	1.654890e+001
2.123333233336466e-006	1.641025e+001
2.123333333339805e-006	1.641025e+001
2.123333533332605e-006	1.881220e+001
2.123333933332083e-006	2.773403e+001
2.123334233328222e-006	3.082231e+001
2.165276847557185e-006	3.065979e+001
2.198610180886851e-006	3.052962e+001
2.231943514216517e-006	3.039862e+001
2.265276847546183e-006	3.026673e+001
2.331943514205515e-006	3.000032e+001
2.398610180864846e-006	2.973049e+001
2.498610180853844e-006	2.931959e+001
2.598610180842842e-006	2.890164e+001
2.723108350546899e-006	2.837216e+001
2.740778677776112e-006	2.829624e+001
2.740778777779451e-006	2.829624e+001
2.740778977786129e-006	2.505942e+001
2.740779377785607e-006	1.303727e+001
2.740779677781746e-006	8.875772e+000
2.777777677778759e-006	8.722814e+000
2.777777777782098e-006	8.722813e+000
2.777777977774898e-006	9.048430e+000
2.777778377774376e-006	1.025791e+001
2.777778677770515e-006	1.067656e+001
2.886387958658809e-006	1.023568e+001
2.986387958647807e-006	9.840225e+000
3.053054625307139e-006	9.582479e+000
3.086387958636805e-006	9.455413e+000
3.119721291966471e-006	9.329567e+000
3.153054625296137e-006	9.204954e+000
3.186387958625803e-006	9.081585e+000
3.253054625285134e-006	8.838631e+000
3.353054625274132e-006	8.483831e+000
3.472223122219509e-006	8.076158e+000
3.472223222222848e-006	8.076158e+000
3.472223422229526e-006	7.749150e+000
3.472223822229004e-006	6.534585e+000
3.472224122225143e-006	6.114160e+000
3.515222122218997e-006	5.971617e+000
3.515222222222336e-006	5.971617e+000
3.515222422229014e-006	1.011309e+001
3.515222822228492e-006	2.549529e+001
3.515223122224631e-006	3.081989e+001
3.657166318518645e-006	3.031791e+001
3.757166318507643e-006	2.995468e+001
3.857166318496641e-006	2.958376e+001
3.923832985155973e-006	2.933239e+001
3.990499651815305e-006	2.907785e+001
4.023832985144971e-006	2.894944e+001
4.057166318474637e-006	2.882027e+001
4.093334233346013e-006	2.867946e+001
4.126667566661801e-006	2.854877e+001
4.126667666665140e-006	2.854877e+001
4.126667866671818e-006	2.703479e+001
4.126668266671296e-006	2.141160e+001
4.126668566667435e-006	1.946511e+001
4.169666566661290e-006	1.929941e+001
4.169666666664629e-006	1.929941e+001
4.169666866671307e-006	1.962566e+001
4.169667266670785e-006	2.083743e+001
4.169667566666924e-006	2.125689e+001
4.190639124823647e-006	2.117587e+001
4.211610762971940e-006	2.109485e+001
4.244944096301606e-006	2.096613e+001
4.278277429631272e-006	2.083746e+001
4.311610762960938e-006	2.070885e+001
4.344944096290604e-006	2.058033e+001
4.378277429620270e-006	2.045191e+001
4.411610762949936e-006	2.032359e+001
4.444944096279602e-006	2.019540e+001
4.478277429609268e-006	2.006734e+001
4.511610762938934e-006	1.993942e+001
4.544944096268599e-006	1.981167e+001
4.578277429598265e-006	1.968409e+001
4.611610762927931e-006	1.955669e+001
4.644944096257597e-006	1.942950e+001
4.678277429587263e-006	1.930251e+001
4.711610762916929e-006	1.917575e+001
4.744944096246595e-006	1.904922e+001
4.778277429576261e-006	1.892295e+001
4.811610762905927e-006	1.879690e+001
4.864112011102040e-006	1.859894e+001
4.864112111105379e-006	1.859894e+001
4.864112311112057e-006	1.827254e+001
4.864112711111535e-006	1.706023e+001
4.864113011107674e-006	1.664058e+001
4.901111011104686e-006	1.650209e+001
4.901111111108025e-006	1.650209e+001
4.901111311114703e-006	1.891860e+001
4.901111711114181e-006	2.789394e+001
4.901112011110320e-006	3.100078e+001
4.943055207415337e-006	3.083839e+001
4.976388540745003e-006	3.070829e+001
5.009721874074669e-006	3.057736e+001
5.043055207404334e-006	3.044552e+001
5.109721874063666e-006	3.017915e+001
5.176388540722998e-006	2.990928e+001
5.276388540711996e-006	2.949820e+001
5.376388540700994e-006	2.907990e+001
5.500887292481105e-006	2.854976e+001
5.518556455558210e-006	2.847374e+001
5.518556555561549e-006	2.847374e+001
5.518556755554349e-006	2.522184e+001
5.518557155553827e-006	1.314299e+001
5.518557455549966e-006	8.961906e+000
5.555555455546979e-006	8.808731e+000
5.555555555550318e-006	8.808730e+000
5.555555755556996e-006	9.134354e+000
5.555556155556474e-006	1.034378e+001
5.555556455552613e-006	1.076242e+001
5.664166318516961e-006	1.032083e+001
5.764166318505959e-006	9.924638e+000
5.830832985165291e-006	9.666362e+000
5.864166318494957e-006	9.539018e+000
5.897499651824623e-006	9.412886e+000
5.930832985154289e-006	9.287977e+000
5.964166318483954e-006	9.164307e+000
6.030832985143286e-006	8.920723e+000
6.130832985132284e-006	8.564918e+000
6.250000900001607e-006	8.155956e+000
6.250001000004946e-006	8.155956e+000
6.250001199997746e-006	7.828983e+000
6.250001599997224e-006	6.614476e+000
6.250001899993363e-006	6.194076e+000
6.292999900001095e-006	6.051045e+000
6.293000000004434e-006	6.051044e+000
6.293000199997234e-006	9.988824e+000
6.293000599996712e-006	2.461533e+001
6.293000899992851e-006	2.967827e+001
6.468276847540477e-006	2.936241e+001
6.601610180859141e-006	2.911483e+001
6.701610180848139e-006	2.892508e+001
6.768276847507471e-006	2.879670e+001
6.834943514166803e-006	2.866685e+001
6.871112011114233e-006	2.859588e+001
6.888122992820822e-006	2.856230e+001
6.904445344443899e-006	2.853003e+001
6.904445444447238e-006	2.853003e+001
6.904445644440038e-006	2.700214e+001
6.904446044439516e-006	2.132697e+001
6.904446344435655e-006	1.936252e+001
6.939001258213229e-006	1.929651e+001
6.947444344443388e-006	1.928040e+001
6.947444444446727e-006	1.928040e+001
6.947444644439527e-006	1.960668e+001
6.947445044439005e-006	2.081862e+001
6.947445344435144e-006	2.123813e+001
6.968416611546902e-006	2.119785e+001
6.989387958664106e-006	2.115758e+001
7.022721291993772e-006	2.109357e+001
7.056054625323438e-006	2.102959e+001
7.089387958653104e-006	2.096563e+001
7.122721291982770e-006	2.090169e+001
7.156054625312436e-006	2.083779e+001
7.189387958642102e-006	2.077392e+001
7.222721291971768e-006	2.071008e+001
7.256054625301434e-006	2.064629e+001
7.289387958631100e-006	2.058254e+001
7.322721291960765e-006	2.051883e+001
7.356054625290431e-006	2.045518e+001
7.389387958620097e-006	2.039157e+001
7.422721291949763e-006	2.032803e+001
7.456054625279429e-006	2.026454e+001
7.489387958609095e-006	2.020111e+001
7.522721291938761e-006	2.013775e+001
7.556054625268427e-006	2.007446e+001
7.608556455554472e-006	1.997491e+001
7.641889788884138e-006	1.991179e+001
7.641889888887476e-006	1.991179e+001
7.641890088894154e-006	1.958543e+001
7.641890488893632e-006	1.837324e+001
7.641890788889771e-006	1.795364e+001
7.678888788886784e-006	1.788420e+001
7.678888888890123e-006	1.788420e+001
7.678889088896801e-006	2.005125e+001
7.678889488896279e-006	2.810008e+001
7.678889788892418e-006	3.088620e+001
7.699861347049142e-006	3.080475e+001
7.720832985197434e-006	3.072287e+001
7.754166318527100e-006	3.059205e+001
7.787499651856766e-006	3.046041e+001
7.820832985186432e-006	3.032786e+001
7.887499651845764e-006	3.006011e+001
7.954166318505096e-006	2.978893e+001
8.054166318494094e-006	2.937595e+001
8.154166318483092e-006	2.895587e+001
8.278665070263203e-006	2.842368e+001
8.296334233326430e-006	2.834738e+001
8.296334333329769e-006	2.834738e+001
8.296334533336447e-006	2.487311e+001
8.296334933335925e-006	1.196906e+001
8.296335233332064e-006	7.502281e+000
8.317306791488788e-006	7.459641e+000
8.333333233037643e-006	7.427197e+000
