time	V(nc1t,nc1b)	V(n001)
Step Information: Iload=0  (Run: 1/6)
0.000000000000000e+000	1.758516e+001	4.998296e+001
1.999997389923180e-013	1.758516e+001	4.998296e+001
5.999992169769541e-013	1.758516e+001	4.998296e+001
9.000022949123832e-013	1.758516e+001	4.998296e+001
9.800008027305296e-013	1.758516e+001	4.998296e+001
7.505534571905503e-007	1.752934e+001	4.998271e+001
1.017220123855633e-006	1.752626e+001	4.998270e+001
1.683886790518341e-006	1.755706e+001	4.998285e+001
2.083334233335399e-006	1.760165e+001	4.998306e+001
2.083334333338738e-006	1.760165e+001	4.998306e+001
2.083334533338477e-006	1.760078e+001	4.998306e+001
2.083334933337955e-006	1.759751e+001	4.998306e+001
2.083335233334094e-006	1.759639e+001	4.998306e+001
2.123333233336466e-006	1.759639e+001	4.998446e+001
2.123333333339805e-006	1.759639e+001	4.998446e+001
2.123333533339544e-006	1.759639e+001	4.998446e+001
2.123333933339022e-006	1.759639e+001	4.998446e+001
2.123334233335161e-006	1.759639e+001	4.998446e+001
2.207220123860709e-006	1.759639e+001	4.998729e+001
2.273886790526980e-006	1.759639e+001	4.998944e+001
2.340553457193251e-006	1.759639e+001	4.999150e+001
2.407220123859521e-006	1.759639e+001	4.999347e+001
2.473886790525792e-006	1.759639e+001	4.999535e+001
2.607220123858334e-006	1.759639e+001	4.999881e+001
2.740553457190875e-006	1.759639e+001	5.000190e+001
2.873886790523417e-006	1.759639e+001	5.000462e+001
3.007220123855958e-006	1.759639e+001	5.000694e+001
3.140553457188500e-006	1.759639e+001	5.000889e+001
3.340553457187312e-006	1.759639e+001	5.001109e+001
3.540553457186124e-006	1.759639e+001	5.001241e+001
3.807220123851207e-006	1.759640e+001	5.001283e+001
4.007220123850019e-006	1.759640e+001	5.001212e+001
4.126667566668740e-006	1.759640e+001	5.001131e+001
4.126667666672079e-006	1.759640e+001	5.001131e+001
4.126667866671818e-006	1.759661e+001	5.001131e+001
4.126668266671296e-006	1.759742e+001	5.001131e+001
4.126668566674374e-006	1.759769e+001	5.001131e+001
4.166666566669808e-006	1.759888e+001	5.001098e+001
4.166666666666208e-006	1.759888e+001	5.001098e+001
4.166666866665947e-006	1.759888e+001	5.001098e+001
4.166667266665425e-006	1.759888e+001	5.001098e+001
4.166667566668503e-006	1.759888e+001	5.001098e+001
4.317220123860321e-006	1.760293e+001	5.000990e+001
4.450553457192863e-006	1.760598e+001	5.000907e+001
4.583886790525404e-006	1.760849e+001	5.000838e+001
4.717220123857946e-006	1.761046e+001	5.000784e+001
4.850553457190487e-006	1.761190e+001	5.000743e+001
4.983886790523029e-006	1.761280e+001	5.000715e+001
5.183886790521841e-006	1.761315e+001	5.000701e+001
5.250553457188112e-006	1.761300e+001	5.000703e+001
5.317220123854383e-006	1.761271e+001	5.000708e+001
5.383886790520653e-006	1.761229e+001	5.000717e+001
5.450553457186924e-006	1.761173e+001	5.000730e+001
5.517220123853195e-006	1.761105e+001	5.000745e+001
5.583886790519466e-006	1.761023e+001	5.000765e+001
5.650553457185736e-006	1.760926e+001	5.000788e+001
5.717220123852007e-006	1.760817e+001	5.000814e+001
5.783886790518278e-006	1.760695e+001	5.000844e+001
5.850553457184549e-006	1.760559e+001	5.000877e+001
5.917220123850819e-006	1.760410e+001	5.000913e+001
5.983886790517090e-006	1.760248e+001	5.000953e+001
6.117220123849632e-006	1.759883e+001	5.001044e+001
6.250000900001607e-006	1.759471e+001	5.001146e+001
6.250001000004946e-006	1.759471e+001	5.001146e+001
6.250001200004685e-006	1.759492e+001	5.001146e+001
6.250001600004163e-006	1.759571e+001	5.001146e+001
6.250001900000302e-006	1.759599e+001	5.001146e+001
6.289999900002674e-006	1.759599e+001	5.001177e+001
6.290000000006013e-006	1.759599e+001	5.001177e+001
6.290000200005752e-006	1.759599e+001	5.001177e+001
6.290000600005230e-006	1.759599e+001	5.001177e+001
6.290000900001369e-006	1.759599e+001	5.001177e+001
6.440553457193188e-006	1.759599e+001	5.001260e+001
6.640553457192000e-006	1.759599e+001	5.001296e+001
6.907220123857083e-006	1.759599e+001	5.001210e+001
7.107220123855895e-006	1.759599e+001	5.001043e+001
7.240553457188437e-006	1.759599e+001	5.000884e+001
7.373886790520978e-006	1.759600e+001	5.000687e+001
7.507220123853520e-006	1.759600e+001	5.000451e+001
7.640553457186061e-006	1.759600e+001	5.000177e+001
7.773886790518603e-006	1.759600e+001	4.999865e+001
7.840553457184873e-006	1.759600e+001	4.999695e+001
7.907220123851144e-006	1.759600e+001	4.999516e+001
7.973886790517415e-006	1.759600e+001	4.999327e+001
8.040553457183686e-006	1.759600e+001	4.999129e+001
8.107220123849956e-006	1.759600e+001	4.998922e+001
8.173886790516227e-006	1.759600e+001	4.998706e+001
8.253335233333881e-006	1.759600e+001	4.998437e+001
8.293334233334948e-006	1.759600e+001	4.998297e+001
8.293334333331348e-006	1.759600e+001	4.998297e+001
8.293334533331087e-006	1.759512e+001	4.998297e+001
8.293334933330565e-006	1.759187e+001	4.998297e+001
8.293335233333643e-006	1.759074e+001	4.998297e+001
8.333333233336016e-006	1.758582e+001	4.998294e+001
8.333333333332416e-006	1.758582e+001	4.998294e+001
8.333333533332155e-006	1.758582e+001	4.998294e+001
8.333333933331633e-006	1.758582e+001	4.998294e+001
8.333334233334711e-006	1.758582e+001	4.998294e+001
9.083886790522966e-006	1.753002e+001	4.998268e+001
9.350553457188049e-006	1.752694e+001	4.998266e+001
1.001722012385076e-005	1.755776e+001	4.998280e+001
1.041666756666781e-005	1.760236e+001	4.998300e+001
1.041666766667115e-005	1.760236e+001	4.998300e+001
1.041666786667089e-005	1.760148e+001	4.998300e+001
1.041666826667037e-005	1.759822e+001	4.998300e+001
1.041666856666651e-005	1.759709e+001	4.998300e+001
1.045666656666888e-005	1.759709e+001	4.998441e+001
1.045666666667222e-005	1.759709e+001	4.998441e+001
1.045666686667196e-005	1.759709e+001	4.998441e+001
1.045666726667144e-005	1.759709e+001	4.998441e+001
1.045666756666758e-005	1.759709e+001	4.998441e+001
1.054055345719313e-005	1.759709e+001	4.998723e+001
1.060722012385940e-005	1.759709e+001	4.998938e+001
1.067388679052567e-005	1.759709e+001	4.999144e+001
1.074055345719194e-005	1.759709e+001	4.999341e+001
1.080722012385821e-005	1.759709e+001	4.999529e+001
1.087388679052448e-005	1.759709e+001	4.999707e+001
1.100722012385702e-005	1.759710e+001	5.000034e+001
1.114055345718956e-005	1.759710e+001	5.000324e+001
1.127388679052210e-005	1.759710e+001	5.000576e+001
1.140722012385464e-005	1.759710e+001	5.000790e+001
1.154055345718719e-005	1.759710e+001	5.000965e+001
1.174055345718600e-005	1.759710e+001	5.001155e+001
1.200722012385108e-005	1.759709e+001	5.001273e+001
1.214055345718362e-005	1.759710e+001	5.001275e+001
1.234055345718244e-005	1.759710e+001	5.001205e+001
1.246000090000116e-005	1.759710e+001	5.001123e+001
1.246000100000450e-005	1.759710e+001	5.001123e+001
1.246000120000423e-005	1.759731e+001	5.001123e+001
1.246000160000371e-005	1.759811e+001	5.001123e+001
1.246000190000679e-005	1.759839e+001	5.001123e+001
1.249999990000222e-005	1.759958e+001	5.001091e+001
1.249999999999862e-005	1.759958e+001	5.001091e+001
1.250000019999836e-005	1.759958e+001	5.001091e+001
1.250000059999784e-005	1.759958e+001	5.001091e+001
1.250000090000092e-005	1.759958e+001	5.001091e+001
1.265055345719274e-005	1.760363e+001	5.000982e+001
1.278388679052528e-005	1.760667e+001	5.000899e+001
1.291722012385782e-005	1.760918e+001	5.000830e+001
1.305055345719036e-005	1.761116e+001	5.000775e+001
1.318388679052290e-005	1.761259e+001	5.000734e+001
1.331722012385544e-005	1.761349e+001	5.000707e+001
1.345055345718799e-005	1.761386e+001	5.000694e+001
1.358388679052053e-005	1.761369e+001	5.000694e+001
1.365055345718680e-005	1.761340e+001	5.000700e+001
1.371722012385307e-005	1.761297e+001	5.000709e+001
1.378388679051934e-005	1.761242e+001	5.000721e+001
1.385055345718561e-005	1.761172e+001	5.000737e+001
1.391722012385188e-005	1.761090e+001	5.000756e+001
1.398388679051815e-005	1.760995e+001	5.000779e+001
1.405055345718442e-005	1.760886e+001	5.000805e+001
1.411722012385069e-005	1.760763e+001	5.000835e+001
1.418388679051696e-005	1.760627e+001	5.000868e+001
1.431722012384951e-005	1.760315e+001	5.000945e+001
1.445055345718205e-005	1.759951e+001	5.001035e+001
1.458333423333402e-005	1.759537e+001	5.001137e+001
1.458333433333736e-005	1.759537e+001	5.001137e+001
1.458333453333710e-005	1.759558e+001	5.001137e+001
1.458333493333658e-005	1.759639e+001	5.001137e+001
1.458333523333272e-005	1.759666e+001	5.001137e+001
1.462333323333509e-005	1.759666e+001	5.001168e+001
1.462333333333843e-005	1.759666e+001	5.001168e+001
1.462333353333817e-005	1.759666e+001	5.001168e+001
1.462333393333765e-005	1.759666e+001	5.001168e+001
1.462333423333379e-005	1.759666e+001	5.001168e+001
1.477388679052560e-005	1.759666e+001	5.001251e+001
1.497388679052442e-005	1.759666e+001	5.001287e+001
1.524055345718950e-005	1.759666e+001	5.001201e+001
1.544055345718831e-005	1.759666e+001	5.001034e+001
1.557388679052085e-005	1.759666e+001	5.000875e+001
1.570722012385339e-005	1.759666e+001	5.000677e+001
1.584055345718594e-005	1.759666e+001	5.000442e+001
1.597388679051848e-005	1.759666e+001	5.000168e+001
1.610722012385102e-005	1.759666e+001	4.999857e+001
1.617388679051729e-005	1.759666e+001	4.999686e+001
1.624055345718356e-005	1.759666e+001	4.999507e+001
1.630722012384983e-005	1.759666e+001	4.999318e+001
1.637388679051610e-005	1.759667e+001	4.999120e+001
1.644055345718237e-005	1.759667e+001	4.998913e+001
1.650722012384864e-005	1.759666e+001	4.998697e+001
1.658666856666630e-005	1.759666e+001	4.998428e+001
1.662666756666736e-005	1.759667e+001	4.998288e+001
1.662666766666376e-005	1.759667e+001	4.998288e+001
1.662666786666350e-005	1.759579e+001	4.998288e+001
1.662666826666298e-005	1.759254e+001	4.998288e+001
1.662666856666606e-005	1.759142e+001	4.998288e+001
1.664763997929336e-005	1.758881e+001	4.998287e+001
1.666666656666843e-005	1.758649e+001	4.998286e+001
Step Information: Iload=1  (Run: 2/6)
0.000000000000000e+000	2.314047e+001	4.996715e+001
1.999997389923180e-013	2.314047e+001	4.996715e+001
5.999992169769541e-013	2.314047e+001	4.996715e+001
9.000022949123832e-013	2.314047e+001	4.996715e+001
9.800008027305296e-013	2.314047e+001	4.996715e+001
7.505534571905503e-007	2.300560e+001	4.998628e+001
1.017220123855633e-006	2.296951e+001	4.999316e+001
1.750553457184612e-006	2.290249e+001	5.001209e+001
2.083334233335399e-006	2.288758e+001	5.002063e+001
2.083334333338738e-006	2.288758e+001	5.002063e+001
2.083334533338477e-006	2.288757e+001	5.002063e+001
2.083334933337955e-006	2.288758e+001	5.002063e+001
2.083335233334094e-006	2.288758e+001	5.002063e+001
2.123333233336466e-006	2.288648e+001	5.002164e+001
2.123333333339805e-006	2.288648e+001	5.002164e+001
2.123333533339544e-006	2.288668e+001	5.002164e+001
2.123333933339022e-006	2.288740e+001	5.002164e+001
2.123334233335161e-006	2.288766e+001	5.002164e+001
2.807220123857146e-006	2.288766e+001	5.002840e+001
3.273886790521041e-006	2.288766e+001	5.002692e+001
3.940553457183749e-006	2.288766e+001	5.001621e+001
4.126667566668740e-006	2.288766e+001	5.001147e+001
4.126667666672079e-006	2.288766e+001	5.001147e+001
4.126667866671818e-006	2.288894e+001	5.001147e+001
4.126668266671296e-006	2.289373e+001	5.001147e+001
4.126668566674374e-006	2.289539e+001	5.001147e+001
4.166666566669808e-006	2.290294e+001	5.001038e+001
4.166666666666208e-006	2.290294e+001	5.001038e+001
4.166666866665947e-006	2.290294e+001	5.001038e+001
4.166667266665425e-006	2.290294e+001	5.001038e+001
4.166667566668503e-006	2.290294e+001	5.001038e+001
4.783886790524217e-006	2.300699e+001	4.999690e+001
5.183886790521841e-006	2.306176e+001	4.999154e+001
5.517220123853195e-006	2.309973e+001	4.998915e+001
5.783886790518278e-006	2.312506e+001	4.998861e+001
6.250000900001607e-006	2.315863e+001	4.999058e+001
6.250001000004946e-006	2.315863e+001	4.999058e+001
6.250001200004685e-006	2.315863e+001	4.999058e+001
6.250001600004163e-006	2.315862e+001	4.999058e+001
6.250001900000302e-006	2.315862e+001	4.999058e+001
6.289999900002674e-006	2.316083e+001	4.999093e+001
6.290000000006013e-006	2.316083e+001	4.999093e+001
6.290000200005752e-006	2.316045e+001	4.999093e+001
6.290000600005230e-006	2.315905e+001	4.999093e+001
6.290000900001369e-006	2.315857e+001	4.999093e+001
6.707220123858271e-006	2.315857e+001	4.999282e+001
7.173886790522166e-006	2.315857e+001	4.999052e+001
7.840553457184873e-006	2.315857e+001	4.997913e+001
8.293334233334948e-006	2.315857e+001	4.996609e+001
8.293334333331348e-006	2.315857e+001	4.996609e+001
8.293334533331087e-006	2.315710e+001	4.996609e+001
8.293334933330565e-006	2.315166e+001	4.996609e+001
8.293335233333643e-006	2.314977e+001	4.996609e+001
8.333333233336016e-006	2.314121e+001	4.996709e+001
8.333333333332416e-006	2.314121e+001	4.996709e+001
8.333333533332155e-006	2.314121e+001	4.996709e+001
8.333333933331633e-006	2.314121e+001	4.996709e+001
8.333334233334711e-006	2.314121e+001	4.996709e+001
9.083886790522966e-006	2.300636e+001	4.998621e+001
9.350553457188049e-006	2.297028e+001	4.999308e+001
1.008388679051703e-005	2.290326e+001	5.001199e+001
1.041666756666781e-005	2.288835e+001	5.002052e+001
1.041666766667115e-005	2.288835e+001	5.002052e+001
1.041666786667089e-005	2.288835e+001	5.002052e+001
1.041666826667037e-005	2.288835e+001	5.002052e+001
1.041666856666651e-005	2.288835e+001	5.002052e+001
1.045666656666888e-005	2.288726e+001	5.002154e+001
1.045666666667222e-005	2.288726e+001	5.002154e+001
1.045666686667196e-005	2.288746e+001	5.002154e+001
1.045666726667144e-005	2.288818e+001	5.002154e+001
1.045666756666758e-005	2.288844e+001	5.002154e+001
1.114055345718956e-005	2.288843e+001	5.002829e+001
1.160722012385346e-005	2.288844e+001	5.002679e+001
1.227388679051616e-005	2.288844e+001	5.001609e+001
1.246000090000116e-005	2.288844e+001	5.001134e+001
1.246000100000450e-005	2.288844e+001	5.001134e+001
1.246000120000423e-005	2.288972e+001	5.001134e+001
1.246000160000371e-005	2.289451e+001	5.001134e+001
1.246000190000679e-005	2.289617e+001	5.001134e+001
1.249999990000222e-005	2.290372e+001	5.001025e+001
1.249999999999862e-005	2.290372e+001	5.001025e+001
1.250000019999836e-005	2.290372e+001	5.001025e+001
1.250000059999784e-005	2.290372e+001	5.001025e+001
1.250000090000092e-005	2.290372e+001	5.001025e+001
1.311722012385663e-005	2.300776e+001	4.999677e+001
1.351722012385426e-005	2.306253e+001	4.999141e+001
1.385055345718561e-005	2.310049e+001	4.998902e+001
1.411722012385069e-005	2.312581e+001	4.998848e+001
1.458333423333402e-005	2.315937e+001	4.999046e+001
1.458333433333736e-005	2.315937e+001	4.999046e+001
1.458333453333710e-005	2.315937e+001	4.999046e+001
1.458333493333658e-005	2.315937e+001	4.999046e+001
1.458333523333272e-005	2.315937e+001	4.999046e+001
1.462333323333509e-005	2.316157e+001	4.999080e+001
1.462333333333843e-005	2.316157e+001	4.999080e+001
1.462333353333817e-005	2.316120e+001	4.999080e+001
1.462333393333765e-005	2.315979e+001	4.999080e+001
1.462333423333379e-005	2.315931e+001	4.999080e+001
1.504055345719069e-005	2.315931e+001	4.999269e+001
1.550722012385458e-005	2.315931e+001	4.999039e+001
1.617388679051729e-005	2.315931e+001	4.997902e+001
1.662666756666736e-005	2.315931e+001	4.996598e+001
1.662666766666376e-005	2.315931e+001	4.996598e+001
1.662666786666350e-005	2.315784e+001	4.996598e+001
1.662666826666298e-005	2.315240e+001	4.996598e+001
1.662666856666606e-005	2.315052e+001	4.996598e+001
1.664763997929336e-005	2.314601e+001	4.996650e+001
1.666666656666843e-005	2.314196e+001	4.996698e+001
Step Information: Iload=2  (Run: 3/6)
0.000000000000000e+000	2.108336e+001	4.993511e+001
1.999997389923180e-013	2.108336e+001	4.993511e+001
5.999992169769541e-013	2.108336e+001	4.993511e+001
9.000022949123832e-013	2.108336e+001	4.993511e+001
9.800008027305296e-013	2.108336e+001	4.993511e+001
7.505534571905503e-007	2.084824e+001	4.997338e+001
1.017220123855633e-006	2.077835e+001	4.998714e+001
1.283886790520716e-006	2.071569e+001	5.000091e+001
2.043335233334331e-006	2.057693e+001	5.004000e+001
2.083334233335399e-006	2.057124e+001	5.004205e+001
2.083334333338738e-006	2.057124e+001	5.004205e+001
2.083334533338477e-006	2.057124e+001	5.004205e+001
2.083334933337955e-006	2.057124e+001	5.004205e+001
2.083335233334094e-006	2.057124e+001	5.004205e+001
2.123333233336466e-006	2.056577e+001	5.004409e+001
2.123333333339805e-006	2.056577e+001	5.004409e+001
2.123333533339544e-006	2.056669e+001	5.004409e+001
2.123333933339022e-006	2.057014e+001	5.004409e+001
2.123334233335161e-006	2.057133e+001	5.004409e+001
2.673886790524604e-006	2.057133e+001	5.004815e+001
3.140553457188500e-006	2.057134e+001	5.004604e+001
3.473886790519853e-006	2.057134e+001	5.004140e+001
4.126667566668740e-006	2.057134e+001	5.002488e+001
4.126667666672079e-006	2.057134e+001	5.002488e+001
4.126667866671818e-006	2.057336e+001	5.002488e+001
4.126668266671296e-006	2.058087e+001	5.002488e+001
4.126668566674374e-006	2.058347e+001	5.002488e+001
4.166666566669808e-006	2.059546e+001	5.002358e+001
4.166666666666208e-006	2.059546e+001	5.002358e+001
4.166666866665947e-006	2.059546e+001	5.002358e+001
4.166667266665425e-006	2.059546e+001	5.002358e+001
4.166667566668503e-006	2.059546e+001	5.002358e+001
4.717220123857946e-006	2.075287e+001	5.000768e+001
5.050553457189300e-006	2.084112e+001	4.999987e+001
5.183886790521841e-006	2.087490e+001	4.999715e+001
5.250553457188112e-006	2.089146e+001	4.999588e+001
5.517220123853195e-006	2.095553e+001	4.999137e+001
6.050553457183361e-006	2.107307e+001	4.998524e+001
6.250000900001607e-006	2.111342e+001	4.998394e+001
6.250001000004946e-006	2.111342e+001	4.998394e+001
6.250001200004685e-006	2.111342e+001	4.998394e+001
6.250001600004163e-006	2.111342e+001	4.998394e+001
6.250001900000302e-006	2.111342e+001	4.998394e+001
6.289999900002674e-006	2.112123e+001	4.998375e+001
6.290000000006013e-006	2.112123e+001	4.998375e+001
6.290000200005752e-006	2.111992e+001	4.998375e+001
6.290000600005230e-006	2.111505e+001	4.998375e+001
6.290000900001369e-006	2.111337e+001	4.998375e+001
6.973886790523354e-006	2.111337e+001	4.997577e+001
7.640553457186061e-006	2.111337e+001	4.995857e+001
8.293334233334948e-006	2.111337e+001	4.993301e+001
8.293334333331348e-006	2.111337e+001	4.993301e+001
8.293334533331087e-006	2.111098e+001	4.993301e+001
8.293334933330565e-006	2.110207e+001	4.993301e+001
8.293335233333643e-006	2.109899e+001	4.993301e+001
8.333333233336016e-006	2.108488e+001	4.993502e+001
8.333333333332416e-006	2.108488e+001	4.993502e+001
8.333333533332155e-006	2.108488e+001	4.993502e+001
8.333333933331633e-006	2.108488e+001	4.993502e+001
8.333334233334711e-006	2.108488e+001	4.993502e+001
9.083886790522966e-006	2.084978e+001	4.997327e+001
9.350553457188049e-006	2.077990e+001	4.998702e+001
9.617220123853132e-006	2.071724e+001	5.000079e+001
1.037666856666675e-005	2.057850e+001	5.003986e+001
1.041666756666781e-005	2.057280e+001	5.004190e+001
1.041666766667115e-005	2.057280e+001	5.004190e+001
1.041666786667089e-005	2.057280e+001	5.004190e+001
1.041666826667037e-005	2.057280e+001	5.004190e+001
1.041666856666651e-005	2.057280e+001	5.004190e+001
1.045666656666888e-005	2.056733e+001	5.004395e+001
1.045666666667222e-005	2.056733e+001	5.004395e+001
1.045666686667196e-005	2.056826e+001	5.004395e+001
1.045666726667144e-005	2.057170e+001	5.004395e+001
1.045666756666758e-005	2.057290e+001	5.004395e+001
1.100722012385702e-005	2.057289e+001	5.004800e+001
1.147388679052092e-005	2.057290e+001	5.004588e+001
1.180722012385227e-005	2.057290e+001	5.004124e+001
1.246000090000116e-005	2.057290e+001	5.002471e+001
1.246000100000450e-005	2.057290e+001	5.002471e+001
1.246000120000423e-005	2.057492e+001	5.002471e+001
1.246000160000371e-005	2.058243e+001	5.002471e+001
1.246000190000679e-005	2.058503e+001	5.002471e+001
1.249999990000222e-005	2.059702e+001	5.002341e+001
1.249999999999862e-005	2.059702e+001	5.002341e+001
1.250000019999836e-005	2.059702e+001	5.002341e+001
1.250000059999784e-005	2.059702e+001	5.002341e+001
1.250000090000092e-005	2.059702e+001	5.002341e+001
1.305055345719036e-005	2.075442e+001	5.000750e+001
1.338388679052172e-005	2.084266e+001	4.999969e+001
1.351722012385426e-005	2.087645e+001	4.999697e+001
1.358388679052053e-005	2.089301e+001	4.999570e+001
1.385055345718561e-005	2.095707e+001	4.999120e+001
1.438388679051578e-005	2.107459e+001	4.998507e+001
1.458333423333402e-005	2.111494e+001	4.998377e+001
1.458333433333736e-005	2.111494e+001	4.998377e+001
1.458333453333710e-005	2.111494e+001	4.998377e+001
1.458333493333658e-005	2.111494e+001	4.998377e+001
1.458333523333272e-005	2.111494e+001	4.998377e+001
1.462333323333509e-005	2.112275e+001	4.998359e+001
1.462333333333843e-005	2.112275e+001	4.998359e+001
1.462333353333817e-005	2.112144e+001	4.998359e+001
1.462333393333765e-005	2.111657e+001	4.998359e+001
1.462333423333379e-005	2.111489e+001	4.998359e+001
1.530722012385577e-005	2.111489e+001	4.997561e+001
1.597388679051848e-005	2.111489e+001	4.995842e+001
1.662666756666736e-005	2.111489e+001	4.993287e+001
1.662666766666376e-005	2.111489e+001	4.993287e+001
1.662666786666350e-005	2.111250e+001	4.993287e+001
1.662666826666298e-005	2.110360e+001	4.993287e+001
1.662666856666606e-005	2.110052e+001	4.993287e+001
1.664763997929336e-005	2.109310e+001	4.993393e+001
1.666666656666843e-005	2.108641e+001	4.993488e+001
Step Information: Iload=3  (Run: 4/6)
0.000000000000000e+000	2.337727e+001	4.991222e+001
1.999997389923180e-013	2.337727e+001	4.991222e+001
5.999992169769541e-013	2.337727e+001	4.991222e+001
9.000022949123832e-013	2.337727e+001	4.991222e+001
9.800008027305296e-013	2.337727e+001	4.991222e+001
6.172201238580088e-007	2.310847e+001	4.995949e+001
9.505534571893626e-007	2.297700e+001	4.998526e+001
1.083886790521904e-006	2.292713e+001	4.999558e+001
1.483886790519529e-006	2.278696e+001	5.002654e+001
2.083334233335399e-006	2.260343e+001	5.007260e+001
2.083334333338738e-006	2.260343e+001	5.007260e+001
2.083334533338477e-006	2.260343e+001	5.007260e+001
2.083334933337955e-006	2.260343e+001	5.007260e+001
2.083335233334094e-006	2.260343e+001	5.007260e+001
2.123333233336466e-006	2.259237e+001	5.007565e+001
2.123333333339805e-006	2.259237e+001	5.007565e+001
2.123333533339544e-006	2.259423e+001	5.007565e+001
2.123333933339022e-006	2.260113e+001	5.007565e+001
2.123334233335161e-006	2.260352e+001	5.007565e+001
2.540553457192063e-006	2.260352e+001	5.007424e+001
3.273886790521041e-006	2.260352e+001	5.006152e+001
3.940553457183749e-006	2.260352e+001	5.003876e+001
4.126667566668740e-006	2.260352e+001	5.003057e+001
4.126667666672079e-006	2.260352e+001	5.003057e+001
4.126667866671818e-006	2.260647e+001	5.003057e+001
4.126668266671296e-006	2.261744e+001	5.003057e+001
4.126668566674374e-006	2.262124e+001	5.003057e+001
4.166666566669808e-006	2.263879e+001	5.002874e+001
4.166666666666208e-006	2.263879e+001	5.002874e+001
4.166666866665947e-006	2.263880e+001	5.002874e+001
4.166667266665425e-006	2.263880e+001	5.002874e+001
4.166667566668503e-006	2.263880e+001	5.002874e+001
4.717220123857946e-006	2.287060e+001	5.000602e+001
5.050553457189300e-006	2.300193e+001	4.999461e+001
5.183886790521841e-006	2.305252e+001	4.999055e+001
5.250553457188112e-006	2.307740e+001	4.998864e+001
5.450553457186924e-006	2.315036e+001	4.998337e+001
5.983886790517090e-006	2.333245e+001	4.997273e+001
6.250000900001607e-006	2.341654e+001	4.996930e+001
6.250001000004946e-006	2.341654e+001	4.996930e+001
6.250001200004685e-006	2.341654e+001	4.996930e+001
6.250001600004163e-006	2.341654e+001	4.996930e+001
6.250001900000302e-006	2.341654e+001	4.996930e+001
6.289999900002674e-006	2.342874e+001	4.996891e+001
6.290000000006013e-006	2.342874e+001	4.996891e+001
6.290000200005752e-006	2.342670e+001	4.996891e+001
6.290000600005230e-006	2.341911e+001	4.996891e+001
6.290000900001369e-006	2.341648e+001	4.996891e+001
7.040553457189624e-006	2.341648e+001	4.995592e+001
7.440553457187249e-006	2.341648e+001	4.994431e+001
8.107220123849956e-006	2.341648e+001	4.991794e+001
8.293334233334948e-006	2.341648e+001	4.990908e+001
8.293334333331348e-006	2.341648e+001	4.990908e+001
8.293334533331087e-006	2.341335e+001	4.990908e+001
8.293334933330565e-006	2.340173e+001	4.990908e+001
8.293335233333643e-006	2.339770e+001	4.990908e+001
8.333333233336016e-006	2.337916e+001	4.991211e+001
8.333333333332416e-006	2.337916e+001	4.991211e+001
8.333333533332155e-006	2.337916e+001	4.991211e+001
8.333333933331633e-006	2.337916e+001	4.991211e+001
8.333334233334711e-006	2.337916e+001	4.991211e+001
8.950553457190424e-006	2.311038e+001	4.995937e+001
9.283886790521778e-006	2.297891e+001	4.998513e+001
9.417220123854320e-006	2.292905e+001	4.999545e+001
9.817220123851944e-006	2.278889e+001	5.002641e+001
1.041666756666781e-005	2.260537e+001	5.007245e+001
1.041666766667115e-005	2.260537e+001	5.007245e+001
1.041666786667089e-005	2.260537e+001	5.007245e+001
1.041666826667037e-005	2.260537e+001	5.007245e+001
1.041666856666651e-005	2.260537e+001	5.007245e+001
1.045666656666888e-005	2.259430e+001	5.007550e+001
1.045666666667222e-005	2.259430e+001	5.007550e+001
1.045666686667196e-005	2.259616e+001	5.007550e+001
1.045666726667144e-005	2.260306e+001	5.007550e+001
1.045666756666758e-005	2.260545e+001	5.007550e+001
1.087388679052448e-005	2.260545e+001	5.007409e+001
1.160722012385346e-005	2.260545e+001	5.006136e+001
1.227388679051616e-005	2.260545e+001	5.003859e+001
1.246000090000116e-005	2.260545e+001	5.003040e+001
1.246000100000450e-005	2.260545e+001	5.003040e+001
1.246000120000423e-005	2.260840e+001	5.003040e+001
1.246000160000371e-005	2.261938e+001	5.003040e+001
1.246000190000679e-005	2.262318e+001	5.003040e+001
1.249999990000222e-005	2.264072e+001	5.002857e+001
1.249999999999862e-005	2.264072e+001	5.002857e+001
1.250000019999836e-005	2.264072e+001	5.002857e+001
1.250000059999784e-005	2.264073e+001	5.002857e+001
1.250000090000092e-005	2.264073e+001	5.002857e+001
1.305055345719036e-005	2.287252e+001	5.000585e+001
1.338388679052172e-005	2.300385e+001	4.999444e+001
1.351722012385426e-005	2.305444e+001	4.999039e+001
1.358388679052053e-005	2.307932e+001	4.998848e+001
1.378388679051934e-005	2.315227e+001	4.998320e+001
1.431722012384951e-005	2.333434e+001	4.997257e+001
1.458333423333402e-005	2.341842e+001	4.996915e+001
1.458333433333736e-005	2.341842e+001	4.996915e+001
1.458333453333710e-005	2.341842e+001	4.996915e+001
1.458333493333658e-005	2.341842e+001	4.996915e+001
1.458333523333272e-005	2.341842e+001	4.996915e+001
1.462333323333509e-005	2.343063e+001	4.996875e+001
1.462333333333843e-005	2.343063e+001	4.996875e+001
1.462333353333817e-005	2.342858e+001	4.996875e+001
1.462333393333765e-005	2.342099e+001	4.996875e+001
1.462333423333379e-005	2.341836e+001	4.996875e+001
1.537388679052204e-005	2.341837e+001	4.995578e+001
1.577388679051966e-005	2.341837e+001	4.994418e+001
1.644055345718237e-005	2.341837e+001	4.991782e+001
1.662666756666736e-005	2.341837e+001	4.990897e+001
1.662666766666376e-005	2.341837e+001	4.990897e+001
1.662666786666350e-005	2.341524e+001	4.990897e+001
1.662666826666298e-005	2.340361e+001	4.990897e+001
1.662666856666606e-005	2.339959e+001	4.990897e+001
1.664763997929336e-005	2.338985e+001	4.991055e+001
1.666666656666843e-005	2.338105e+001	4.991200e+001
Step Information: Iload=4  (Run: 5/6)
0.000000000000000e+000	2.600798e+001	4.989003e+001
1.999997389923180e-013	2.600798e+001	4.989003e+001
5.999992169769541e-013	2.600798e+001	4.989003e+001
9.000022949123832e-013	2.600798e+001	4.989003e+001
9.800008027305296e-013	2.600798e+001	4.989003e+001
5.505534571917381e-007	2.570412e+001	4.994630e+001
8.838867905230918e-007	2.553047e+001	4.998065e+001
1.017220123855633e-006	2.546324e+001	4.999442e+001
1.083886790521904e-006	2.543011e+001	5.000130e+001
1.283886790520716e-006	2.533263e+001	5.002195e+001
1.750553457184612e-006	2.511656e+001	5.006993e+001
2.083334233335399e-006	2.497223e+001	5.010386e+001
2.083334333338738e-006	2.497223e+001	5.010386e+001
2.083334533338477e-006	2.497223e+001	5.010386e+001
2.083334933337955e-006	2.497223e+001	5.010386e+001
2.083335233334094e-006	2.497223e+001	5.010386e+001
2.123333233336466e-006	2.495548e+001	5.010791e+001
2.123333333339805e-006	2.495548e+001	5.010791e+001
2.123333533339544e-006	2.495828e+001	5.010791e+001
2.123333933339022e-006	2.496870e+001	5.010791e+001
2.123334233335161e-006	2.497230e+001	5.010791e+001
2.607220123858334e-006	2.497230e+001	5.009961e+001
3.073886790522229e-006	2.497230e+001	5.008601e+001
3.540553457186124e-006	2.497230e+001	5.006698e+001
4.007220123850019e-006	2.497230e+001	5.004269e+001
4.126667566668740e-006	2.497230e+001	5.003566e+001
4.126667666672079e-006	2.497230e+001	5.003566e+001
4.126667866671818e-006	2.497620e+001	5.003566e+001
4.126668266671296e-006	2.499069e+001	5.003566e+001
4.126668566674374e-006	2.499571e+001	5.003566e+001
4.166666566669808e-006	2.501891e+001	5.003327e+001
4.166666666666208e-006	2.501891e+001	5.003327e+001
4.166666866665947e-006	2.501891e+001	5.003327e+001
4.166667266665425e-006	2.501891e+001	5.003327e+001
4.166667566668503e-006	2.501891e+001	5.003327e+001
4.717220123857946e-006	2.532595e+001	5.000348e+001
5.050553457189300e-006	2.550058e+001	4.998840e+001
5.183886790521841e-006	2.556799e+001	4.998302e+001
5.250553457188112e-006	2.560118e+001	4.998047e+001
5.450553457186924e-006	2.569864e+001	4.997340e+001
5.917220123850819e-006	2.591360e+001	4.996036e+001
6.250000900001607e-006	2.605625e+001	4.995405e+001
6.250001000004946e-006	2.605625e+001	4.995405e+001
6.250001200004685e-006	2.605625e+001	4.995405e+001
6.250001600004163e-006	2.605625e+001	4.995405e+001
6.250001900000302e-006	2.605625e+001	4.995405e+001
6.289999900002674e-006	2.607275e+001	4.995346e+001
6.290000000006013e-006	2.607275e+001	4.995346e+001
6.290000200005752e-006	2.606999e+001	4.995346e+001
6.290000600005230e-006	2.605972e+001	4.995346e+001
6.290000900001369e-006	2.605617e+001	4.995346e+001
7.040553457189624e-006	2.605618e+001	4.993726e+001
7.440553457187249e-006	2.605617e+001	4.992408e+001
8.173886790516227e-006	2.605618e+001	4.989201e+001
8.293334233334948e-006	2.605617e+001	4.988586e+001
8.293334333331348e-006	2.605617e+001	4.988586e+001
8.293334533331087e-006	2.605233e+001	4.988586e+001
8.293334933330565e-006	2.603804e+001	4.988586e+001
8.293335233333643e-006	2.603309e+001	4.988586e+001
8.333333233336016e-006	2.601020e+001	4.988991e+001
8.333333333332416e-006	2.601020e+001	4.988991e+001
8.333333533332155e-006	2.601020e+001	4.988991e+001
8.333333933331633e-006	2.601020e+001	4.988991e+001
8.333334233334711e-006	2.601020e+001	4.988991e+001
8.883886790524154e-006	2.570636e+001	4.994617e+001
9.217220123855507e-006	2.553273e+001	4.998052e+001
9.350553457188049e-006	2.546550e+001	4.999429e+001
9.417220123854320e-006	2.543236e+001	5.000117e+001
9.617220123853132e-006	2.533489e+001	5.002181e+001
1.008388679051703e-005	2.511882e+001	5.006979e+001
1.041666756666781e-005	2.497450e+001	5.010371e+001
1.041666766667115e-005	2.497450e+001	5.010371e+001
1.041666786667089e-005	2.497450e+001	5.010371e+001
1.041666826667037e-005	2.497450e+001	5.010371e+001
1.041666856666651e-005	2.497450e+001	5.010371e+001
1.045666656666888e-005	2.495775e+001	5.010776e+001
1.045666666667222e-005	2.495775e+001	5.010776e+001
1.045666686667196e-005	2.496056e+001	5.010776e+001
1.045666726667144e-005	2.497097e+001	5.010776e+001
1.045666756666758e-005	2.497458e+001	5.010776e+001
1.094055345719075e-005	2.497458e+001	5.009946e+001
1.140722012385464e-005	2.497458e+001	5.008585e+001
1.187388679051854e-005	2.497457e+001	5.006682e+001
1.234055345718244e-005	2.497458e+001	5.004253e+001
1.246000090000116e-005	2.497457e+001	5.003551e+001
1.246000100000450e-005	2.497457e+001	5.003551e+001
1.246000120000423e-005	2.497847e+001	5.003551e+001
1.246000160000371e-005	2.499297e+001	5.003551e+001
1.246000190000679e-005	2.499798e+001	5.003551e+001
1.249999990000222e-005	2.502118e+001	5.003311e+001
1.249999999999862e-005	2.502118e+001	5.003311e+001
1.250000019999836e-005	2.502118e+001	5.003311e+001
1.250000059999784e-005	2.502118e+001	5.003311e+001
1.250000090000092e-005	2.502118e+001	5.003311e+001
1.305055345719036e-005	2.532821e+001	5.000333e+001
1.338388679052172e-005	2.550283e+001	4.998824e+001
1.351722012385426e-005	2.557025e+001	4.998286e+001
1.358388679052053e-005	2.560343e+001	4.998032e+001
1.378388679051934e-005	2.570087e+001	4.997325e+001
1.425055345718324e-005	2.591583e+001	4.996022e+001
1.458333423333402e-005	2.605846e+001	4.995391e+001
1.458333433333736e-005	2.605846e+001	4.995391e+001
1.458333453333710e-005	2.605846e+001	4.995391e+001
1.458333493333658e-005	2.605847e+001	4.995391e+001
1.458333523333272e-005	2.605847e+001	4.995391e+001
1.462333323333509e-005	2.607496e+001	4.995333e+001
1.462333333333843e-005	2.607496e+001	4.995333e+001
1.462333353333817e-005	2.607220e+001	4.995333e+001
1.462333393333765e-005	2.606194e+001	4.995333e+001
1.462333423333379e-005	2.605839e+001	4.995333e+001
1.537388679052204e-005	2.605839e+001	4.993714e+001
1.577388679051966e-005	2.605839e+001	4.992397e+001
1.650722012384864e-005	2.605839e+001	4.989191e+001
1.662666756666736e-005	2.605839e+001	4.988577e+001
1.662666766666376e-005	2.605839e+001	4.988577e+001
1.662666786666350e-005	2.605454e+001	4.988577e+001
1.662666826666298e-005	2.604025e+001	4.988577e+001
1.662666856666606e-005	2.603531e+001	4.988577e+001
1.664763997929336e-005	2.602330e+001	4.988790e+001
1.666666656666843e-005	2.601242e+001	4.988982e+001
Step Information: Iload=5  (Run: 6/6)
0.000000000000000e+000	2.860295e+001	4.986776e+001
1.999997389923180e-013	2.860295e+001	4.986776e+001
5.999992169769541e-013	2.860295e+001	4.986776e+001
9.000022949123832e-013	2.860295e+001	4.986776e+001
9.800008027305296e-013	2.860295e+001	4.986776e+001
4.172201238591966e-007	2.832376e+001	4.992104e+001
7.505534571905503e-007	2.810741e+001	4.996394e+001
9.505534571893626e-007	2.798055e+001	4.998974e+001
1.017220123855633e-006	2.793877e+001	4.999834e+001
1.083886790521904e-006	2.789723e+001	5.000695e+001
1.217220123854446e-006	2.781492e+001	5.002415e+001
1.483886790519529e-006	2.765335e+001	5.005849e+001
1.950553457183424e-006	2.738062e+001	5.011819e+001
2.083334233335399e-006	2.730531e+001	5.013504e+001
2.083334333338738e-006	2.730531e+001	5.013504e+001
2.083334533338477e-006	2.730531e+001	5.013504e+001
2.083334933337955e-006	2.730532e+001	5.013504e+001
2.083335233334094e-006	2.730531e+001	5.013504e+001
2.123333233336466e-006	2.728289e+001	5.014010e+001
2.123333333339805e-006	2.728289e+001	5.014010e+001
2.123333533339544e-006	2.728663e+001	5.014010e+001
2.123333933339022e-006	2.730056e+001	5.014010e+001
2.123334233335161e-006	2.730537e+001	5.014010e+001
2.873886790523417e-006	2.730537e+001	5.011491e+001
3.540553457186124e-006	2.730537e+001	5.008030e+001
4.126667566668740e-006	2.730537e+001	5.004082e+001
4.126667666672079e-006	2.730537e+001	5.004082e+001
4.126667866671818e-006	2.731022e+001	5.004082e+001
4.126668266671296e-006	2.732822e+001	5.004082e+001
4.126668566674374e-006	2.733445e+001	5.004082e+001
4.166666566669808e-006	2.736329e+001	5.003787e+001
4.166666666666208e-006	2.736329e+001	5.003787e+001
4.166666866665947e-006	2.736329e+001	5.003787e+001
4.166667266665425e-006	2.736329e+001	5.003787e+001
4.166667566668503e-006	2.736329e+001	5.003787e+001
4.650553457191675e-006	2.770066e+001	5.000512e+001
4.983886790523029e-006	2.792063e+001	4.998582e+001
5.183886790521841e-006	2.804762e+001	4.997558e+001
5.250553457188112e-006	2.808912e+001	4.997240e+001
5.450553457186924e-006	2.821107e+001	4.996354e+001
5.917220123850819e-006	2.848073e+001	4.994702e+001
6.250000900001607e-006	2.866025e+001	4.993885e+001
6.250001000004946e-006	2.866025e+001	4.993885e+001
6.250001200004685e-006	2.866025e+001	4.993885e+001
6.250001600004163e-006	2.866025e+001	4.993885e+001
6.250001900000302e-006	2.866025e+001	4.993885e+001
6.289999900002674e-006	2.868106e+001	4.993809e+001
6.290000000006013e-006	2.868106e+001	4.993809e+001
6.290000200005752e-006	2.867757e+001	4.993809e+001
6.290000600005230e-006	2.866464e+001	4.993809e+001
6.290000900001369e-006	2.866016e+001	4.993809e+001
7.040553457189624e-006	2.866016e+001	4.991862e+001
7.573886790519790e-006	2.866016e+001	4.989825e+001
8.293334233334948e-006	2.866016e+001	4.986257e+001
8.293334333331348e-006	2.866016e+001	4.986257e+001
8.293334533331087e-006	2.865559e+001	4.986257e+001
8.293334933330565e-006	2.863863e+001	4.986257e+001
8.293335233333643e-006	2.863276e+001	4.986257e+001
8.333333233336016e-006	2.860551e+001	4.986764e+001
8.333333333332416e-006	2.860551e+001	4.986764e+001
8.333333533332155e-006	2.860551e+001	4.986764e+001
8.333333933331633e-006	2.860551e+001	4.986764e+001
8.333334233334711e-006	2.860551e+001	4.986764e+001
8.750553457191612e-006	2.832633e+001	4.992091e+001
9.083886790522966e-006	2.811000e+001	4.996380e+001
9.283886790521778e-006	2.798315e+001	4.998960e+001
9.350553457188049e-006	2.794136e+001	4.999820e+001
9.417220123854320e-006	2.789983e+001	5.000681e+001
9.550553457186861e-006	2.781752e+001	5.002401e+001
9.817220123851944e-006	2.765596e+001	5.005835e+001
1.028388679051584e-005	2.738323e+001	5.011804e+001
1.041666756666781e-005	2.730793e+001	5.013489e+001
1.041666766667115e-005	2.730793e+001	5.013489e+001
1.041666786667089e-005	2.730793e+001	5.013489e+001
1.041666826667037e-005	2.730793e+001	5.013489e+001
1.041666856666651e-005	2.730793e+001	5.013489e+001
1.045666656666888e-005	2.728550e+001	5.013995e+001
1.045666666667222e-005	2.728550e+001	5.013995e+001
1.045666686667196e-005	2.728925e+001	5.013995e+001
1.045666726667144e-005	2.730317e+001	5.013995e+001
1.045666756666758e-005	2.730799e+001	5.013995e+001
1.120722012385583e-005	2.730799e+001	5.011475e+001
1.187388679051854e-005	2.730799e+001	5.008014e+001
1.246000090000116e-005	2.730798e+001	5.004067e+001
1.246000100000450e-005	2.730798e+001	5.004067e+001
1.246000120000423e-005	2.731283e+001	5.004067e+001
1.246000160000371e-005	2.733083e+001	5.004067e+001
1.246000190000679e-005	2.733706e+001	5.004067e+001
1.249999990000222e-005	2.736590e+001	5.003772e+001
1.249999999999862e-005	2.736590e+001	5.003772e+001
1.250000019999836e-005	2.736590e+001	5.003772e+001
1.250000059999784e-005	2.736590e+001	5.003772e+001
1.250000090000092e-005	2.736590e+001	5.003772e+001
1.298388679052409e-005	2.770327e+001	5.000497e+001
1.331722012385544e-005	2.792322e+001	4.998567e+001
1.351722012385426e-005	2.805021e+001	4.997544e+001
1.358388679052053e-005	2.809171e+001	4.997225e+001
1.378388679051934e-005	2.821365e+001	4.996340e+001
1.425055345718324e-005	2.848329e+001	4.994689e+001
1.458333423333402e-005	2.866280e+001	4.993873e+001
1.458333433333736e-005	2.866280e+001	4.993873e+001
1.458333453333710e-005	2.866280e+001	4.993873e+001
1.458333493333658e-005	2.866280e+001	4.993873e+001
1.458333523333272e-005	2.866280e+001	4.993873e+001
1.462333323333509e-005	2.868360e+001	4.993797e+001
1.462333333333843e-005	2.868360e+001	4.993797e+001
1.462333353333817e-005	2.868012e+001	4.993797e+001
1.462333393333765e-005	2.866718e+001	4.993797e+001
1.462333423333379e-005	2.866271e+001	4.993797e+001
1.537388679052204e-005	2.866271e+001	4.991852e+001
1.590722012385221e-005	2.866271e+001	4.989816e+001
1.662666756666736e-005	2.866270e+001	4.986250e+001
1.662666766666376e-005	2.866271e+001	4.986250e+001
1.662666786666350e-005	2.865814e+001	4.986250e+001
1.662666826666298e-005	2.864118e+001	4.986250e+001
1.662666856666606e-005	2.863531e+001	4.986250e+001
1.664763997929336e-005	2.862101e+001	4.986516e+001
1.666666656666843e-005	2.860806e+001	4.986758e+001
