time	V(ph1)	I(L)
Step Information: Freq=60K  (Run: 1/3)
0.000000000000000e+000	0.000000e+000	3.640907e-001
9.999986949615902e-014	0.000000e+000	3.640401e-001
2.999996084884771e-013	1.666667e-001	3.639857e-001
6.999990864731132e-013	7.857157e-001	3.639773e-001
9.999952255146383e-013	1.000000e+000	3.639358e-001
1.079993733332785e-012	1.000000e+000	3.639141e-001
1.239994218416030e-012	1.000000e+000	3.639203e-001
1.559991719135567e-012	1.000000e+000	3.640196e-001
1.999997389923180e-012	1.000000e+000	3.640759e-001
1.666666631094937e-010	1.000000e+000	3.617014e-001
1.667666629789899e-010	1.000000e+000	3.616999e-001
1.669666627179822e-010	1.000000e+000	3.616975e-001
1.673666621959669e-010	1.000000e+000	3.616933e-001
1.676666618044553e-010	1.000000e+000	3.616899e-001
2.113907929257586e-008	1.000000e+000	1.013700e-001
4.211057192532453e-008	1.000000e+000	-1.572079e-001
8.405355718735241e-008	1.000000e+000	-6.686608e-001
1.679395277114082e-007	1.000000e+000	-1.665722e+000
3.346061943770851e-007	1.000000e+000	-3.561818e+000
5.012728610427619e-007	1.000000e+000	-5.334603e+000
6.679395277084388e-007	1.000000e+000	-6.948407e+000
8.346061943741157e-007	1.000000e+000	-8.384003e+000
1.001272861039793e-006	1.000000e+000	-9.625896e+000
1.167939527705469e-006	1.000000e+000	-1.066242e+001
1.334606194371146e-006	1.000000e+000	-1.148575e+001
1.501272861036823e-006	1.000000e+000	-1.209186e+001
1.667939527702500e-006	1.000000e+000	-1.248045e+001
1.834606194368177e-006	1.000000e+000	-1.265473e+001
2.001272861033854e-006	1.000000e+000	-1.262128e+001
2.167939527699531e-006	1.000000e+000	-1.238974e+001
2.334606194365207e-006	1.000000e+000	-1.197255e+001
2.501272861030884e-006	1.000000e+000	-1.138464e+001
2.667939527696561e-006	1.000000e+000	-1.064302e+001
2.834606194362238e-006	1.000000e+000	-9.766480e+000
3.001272861027915e-006	1.000000e+000	-8.775158e+000
3.167939527693592e-006	1.000000e+000	-7.690180e+000
3.334606194359269e-006	1.000000e+000	-6.533266e+000
3.501272861024946e-006	1.000000e+000	-5.326350e+000
3.834606194356299e-006	1.000000e+000	-2.849158e+000
4.001272861021976e-006	1.000000e+000	-1.620635e+000
4.167939527687653e-006	1.000000e+000	-4.250010e-001
4.334606194353330e-006	1.000000e+000	7.197772e-001
4.501272861019007e-006	1.000000e+000	1.797345e+000
4.667939527684684e-006	1.000000e+000	2.793157e+000
4.834606194350360e-006	1.000000e+000	3.694630e+000
5.001272861016037e-006	1.000000e+000	4.491268e+000
5.167939527681714e-006	1.000000e+000	5.174733e+000
5.334606194347391e-006	1.000000e+000	5.738893e+000
5.501272861013068e-006	1.000000e+000	6.179820e+000
5.667939527678745e-006	1.000000e+000	6.495759e+000
5.834606194344422e-006	1.000000e+000	6.687060e+000
6.001272861010099e-006	1.000000e+000	6.756083e+000
6.167939527675775e-006	1.000000e+000	6.707070e+000
6.334606194341452e-006	1.000000e+000	6.545990e+000
6.501272861007129e-006	1.000000e+000	6.280371e+000
6.667939527672806e-006	1.000000e+000	5.919111e+000
6.834606194338483e-006	1.000000e+000	5.472266e+000
7.001272861004160e-006	1.000000e+000	4.950843e+000
7.167939527669837e-006	1.000000e+000	4.366577e+000
7.334606194335513e-006	1.000000e+000	3.731708e+000
7.501272861001190e-006	1.000000e+000	3.058761e+000
7.667939527666867e-006	1.000000e+000	2.360331e+000
8.001272860998221e-006	1.000000e+000	9.365107e-001
8.173075194368301e-006	1.000000e+000	2.079507e-001
8.210184527974312e-006	1.000000e+000	5.388268e-002
8.263032195029302e-006	1.000000e+000	-1.638537e-001
8.333167666664532e-006	1.000000e+000	-4.482027e-001
8.333167766664401e-006	1.000000e+000	-4.482031e-001
8.333167966664140e-006	1.000000e+000	-4.481018e-001
8.333168366663618e-006	1.000000e+000	-4.476807e-001
8.333168666666696e-006	1.000000e+000	-4.474414e-001
8.333333333332416e-006	1.000000e+000	-3.640907e-001
8.333333433332285e-006	1.000000e+000	-3.640401e-001
8.333333633332024e-006	1.000000e+000	-3.639857e-001
8.333334033331502e-006	1.000000e+000	-3.639773e-001
8.333334333331111e-006	1.000000e+000	-3.639358e-001
8.333334413329618e-006	1.000000e+000	-3.639141e-001
8.333334573330103e-006	8.333333e-001	-3.639203e-001
8.333334893331074e-006	2.894730e-001	-3.640196e-001
8.333335333329806e-006	0.000000e+000	-3.640759e-001
8.333499999998995e-006	0.000000e+000	-3.617014e-001
8.333500099998864e-006	0.000000e+000	-3.616999e-001
8.333500299998603e-006	0.000000e+000	-3.616974e-001
8.333500699998081e-006	0.000000e+000	-3.616933e-001
8.333500999997690e-006	0.000000e+000	-3.616899e-001
8.354472412628461e-006	0.000000e+000	-1.013700e-001
8.375443905261210e-006	0.000000e+000	1.572079e-001
8.417386890523237e-006	0.000000e+000	6.686608e-001
8.501272861047293e-006	0.000000e+000	1.665722e+000
8.667939527712970e-006	0.000000e+000	3.561818e+000
8.834606194378647e-006	0.000000e+000	5.334603e+000
9.001272861044324e-006	0.000000e+000	6.948407e+000
9.167939527710001e-006	0.000000e+000	8.384003e+000
9.334606194375678e-006	0.000000e+000	9.625896e+000
9.501272861041354e-006	0.000000e+000	1.066242e+001
9.667939527707031e-006	0.000000e+000	1.148575e+001
9.834606194372708e-006	0.000000e+000	1.209186e+001
1.000127286103839e-005	0.000000e+000	1.248045e+001
1.016793952770406e-005	0.000000e+000	1.265473e+001
1.033460619436974e-005	0.000000e+000	1.262128e+001
1.050127286103542e-005	0.000000e+000	1.238974e+001
1.066793952770109e-005	0.000000e+000	1.197255e+001
1.083460619436677e-005	0.000000e+000	1.138464e+001
1.100127286103245e-005	0.000000e+000	1.064302e+001
1.116793952769812e-005	0.000000e+000	9.766480e+000
1.133460619436380e-005	0.000000e+000	8.775158e+000
1.150127286102948e-005	0.000000e+000	7.690180e+000
1.166793952769515e-005	0.000000e+000	6.533266e+000
1.183460619436083e-005	0.000000e+000	5.326350e+000
1.216793952769218e-005	0.000000e+000	2.849158e+000
1.233460619435786e-005	0.000000e+000	1.620635e+000
1.250127286102354e-005	0.000000e+000	4.250010e-001
1.266793952768922e-005	0.000000e+000	-7.197772e-001
1.283460619435489e-005	0.000000e+000	-1.797345e+000
1.300127286102057e-005	0.000000e+000	-2.793157e+000
1.316793952768625e-005	0.000000e+000	-3.694630e+000
1.333460619435192e-005	0.000000e+000	-4.491268e+000
1.350127286101760e-005	0.000000e+000	-5.174733e+000
1.366793952768328e-005	0.000000e+000	-5.738893e+000
1.383460619434895e-005	0.000000e+000	-6.179820e+000
1.400127286101463e-005	0.000000e+000	-6.495759e+000
1.416793952768031e-005	0.000000e+000	-6.687060e+000
1.433460619434598e-005	0.000000e+000	-6.756083e+000
1.450127286101166e-005	0.000000e+000	-6.707070e+000
1.466793952767734e-005	0.000000e+000	-6.545990e+000
1.483460619434301e-005	0.000000e+000	-6.280371e+000
1.500127286100869e-005	0.000000e+000	-5.919111e+000
1.516793952767437e-005	0.000000e+000	-5.472266e+000
1.533460619434005e-005	0.000000e+000	-4.950843e+000
1.550127286100572e-005	0.000000e+000	-4.366577e+000
1.566793952767140e-005	0.000000e+000	-3.731708e+000
1.583460619433708e-005	0.000000e+000	-3.058761e+000
1.600127286100275e-005	0.000000e+000	-2.360331e+000
1.633460619433411e-005	0.000000e+000	-9.365107e-001
1.650640852770419e-005	0.000000e+000	-2.079507e-001
1.654351786131020e-005	0.000000e+000	-5.388268e-002
1.659636552836519e-005	0.000000e+000	1.638537e-001
1.666650099999695e-005	0.000000e+000	4.482027e-001
1.666650109999682e-005	0.000000e+000	4.482031e-001
1.666650129999656e-005	0.000000e+000	4.481018e-001
1.666650169999603e-005	0.000000e+000	4.476807e-001
1.666650199999564e-005	0.000000e+000	4.474414e-001
1.666650255999561e-005	0.000000e+000	4.471579e-001
1.666666666666483e-005	0.000000e+000	3.640907e-001
1.666666676666470e-005	0.000000e+000	3.640401e-001
1.666666696666444e-005	1.666667e-001	3.639857e-001
1.666666736666392e-005	7.857143e-001	3.639773e-001
1.666666766666353e-005	1.000000e+000	3.639358e-001
1.666666774666203e-005	1.000000e+000	3.639141e-001
1.666666790666252e-005	1.000000e+000	3.639203e-001
1.666666822666349e-005	1.000000e+000	3.640196e-001
1.666666866666222e-005	1.000000e+000	3.640759e-001
1.666683333333141e-005	1.000000e+000	3.617014e-001
1.666683343333128e-005	1.000000e+000	3.616999e-001
1.666683363333102e-005	1.000000e+000	3.616974e-001
1.666683403333050e-005	1.000000e+000	3.616933e-001
1.666683433333011e-005	1.000000e+000	3.616899e-001
1.668780574596088e-005	1.000000e+000	1.013700e-001
1.670877723859363e-005	1.000000e+000	-1.572079e-001
1.675072022385565e-005	1.000000e+000	-6.686608e-001
1.683460619437971e-005	1.000000e+000	-1.665722e+000
1.700127286104539e-005	1.000000e+000	-3.561818e+000
1.716793952771106e-005	1.000000e+000	-5.334603e+000
1.733460619437674e-005	1.000000e+000	-6.948407e+000
1.750127286104242e-005	1.000000e+000	-8.384003e+000
1.766793952770809e-005	1.000000e+000	-9.625896e+000
1.783460619437377e-005	1.000000e+000	-1.066242e+001
1.800127286103945e-005	1.000000e+000	-1.148575e+001
1.816793952770512e-005	1.000000e+000	-1.209186e+001
1.833460619437080e-005	1.000000e+000	-1.248045e+001
1.850127286103648e-005	1.000000e+000	-1.265473e+001
1.866793952770215e-005	1.000000e+000	-1.262128e+001
1.883460619436783e-005	1.000000e+000	-1.238974e+001
1.900127286103351e-005	1.000000e+000	-1.197255e+001
1.916793952769919e-005	1.000000e+000	-1.138464e+001
1.933460619436486e-005	1.000000e+000	-1.064302e+001
1.950127286103054e-005	1.000000e+000	-9.766480e+000
1.966793952769622e-005	1.000000e+000	-8.775158e+000
1.983460619436189e-005	1.000000e+000	-7.690180e+000
2.000127286102757e-005	1.000000e+000	-6.533266e+000
2.016793952769325e-005	1.000000e+000	-5.326350e+000
2.050127286102460e-005	1.000000e+000	-2.849158e+000
2.066793952769028e-005	1.000000e+000	-1.620635e+000
2.083460619435595e-005	1.000000e+000	-4.250010e-001
2.100127286102163e-005	1.000000e+000	7.197772e-001
2.116793952768731e-005	1.000000e+000	1.797345e+000
2.133460619435298e-005	1.000000e+000	2.793157e+000
2.150127286101866e-005	1.000000e+000	3.694630e+000
2.166793952768434e-005	1.000000e+000	4.491268e+000
2.183460619435002e-005	1.000000e+000	5.174733e+000
2.200127286101569e-005	1.000000e+000	5.738893e+000
2.216793952768137e-005	1.000000e+000	6.179820e+000
2.233460619434705e-005	1.000000e+000	6.495759e+000
2.250127286101272e-005	1.000000e+000	6.687060e+000
2.266793952767840e-005	1.000000e+000	6.756083e+000
2.283460619434408e-005	1.000000e+000	6.707070e+000
2.300127286100975e-005	1.000000e+000	6.545990e+000
2.316793952767543e-005	1.000000e+000	6.280371e+000
2.333460619434111e-005	1.000000e+000	5.919111e+000
2.350127286100678e-005	1.000000e+000	5.472266e+000
2.366793952767246e-005	1.000000e+000	4.950843e+000
2.383460619433814e-005	1.000000e+000	4.366577e+000
2.400127286100381e-005	1.000000e+000	3.731708e+000
2.416793952766949e-005	1.000000e+000	3.058761e+000
2.433460619433517e-005	1.000000e+000	2.360331e+000
2.466793952766652e-005	1.000000e+000	9.365107e-001
2.483974186103660e-005	1.000000e+000	2.079507e-001
2.487685119464261e-005	1.000000e+000	5.388268e-002
2.492969886169760e-005	1.000000e+000	-1.638537e-001
2.499983433332936e-005	1.000000e+000	-4.482027e-001
2.499983443332923e-005	1.000000e+000	-4.482031e-001
2.499983463332897e-005	1.000000e+000	-4.481018e-001
2.499983503332845e-005	1.000000e+000	-4.476807e-001
2.499983533333153e-005	1.000000e+000	-4.474414e-001
2.499999999999725e-005	1.000000e+000	-3.640907e-001
2.500000009999712e-005	1.000000e+000	-3.640401e-001
2.500000029999686e-005	1.000000e+000	-3.639857e-001
2.500000069999633e-005	1.000000e+000	-3.639773e-001
2.500000099999941e-005	1.000000e+000	-3.639358e-001
2.500000107999792e-005	1.000000e+000	-3.639141e-001
2.500000123999840e-005	8.333333e-001	-3.639203e-001
2.500000155999937e-005	2.894730e-001	-3.640196e-001
2.500000199999811e-005	0.000000e+000	-3.640759e-001
2.500016666666383e-005	0.000000e+000	-3.617014e-001
2.500016676666370e-005	0.000000e+000	-3.616999e-001
2.500016696666343e-005	0.000000e+000	-3.616974e-001
2.500016736666291e-005	0.000000e+000	-3.616933e-001
2.500016766666599e-005	0.000000e+000	-3.616899e-001
2.502113915205800e-005	0.000000e+000	-1.013691e-001
2.504211071744852e-005	0.000000e+000	1.572097e-001
2.508405384822957e-005	0.000000e+000	6.686643e-001
2.516794010979165e-005	0.000000e+000	1.665729e+000
2.533460677645733e-005	0.000000e+000	3.561824e+000
2.550127344312300e-005	0.000000e+000	5.334609e+000
2.566794010978868e-005	0.000000e+000	6.948412e+000
2.583460677645436e-005	0.000000e+000	8.384007e+000
2.600127344312003e-005	0.000000e+000	9.625899e+000
2.616794010978571e-005	0.000000e+000	1.066242e+001
2.633460677645139e-005	0.000000e+000	1.148575e+001
2.650127344311706e-005	0.000000e+000	1.209186e+001
2.666794010978274e-005	0.000000e+000	1.248045e+001
2.683460677644842e-005	0.000000e+000	1.265473e+001
2.700127344311409e-005	0.000000e+000	1.262127e+001
2.716794010977977e-005	0.000000e+000	1.238974e+001
2.733460677644545e-005	0.000000e+000	1.197255e+001
2.750127344311112e-005	0.000000e+000	1.138464e+001
2.766794010977680e-005	0.000000e+000	1.064302e+001
2.783460677644248e-005	0.000000e+000	9.766477e+000
2.800127344310815e-005	0.000000e+000	8.775154e+000
2.816794010977383e-005	0.000000e+000	7.690176e+000
2.833460677643951e-005	0.000000e+000	6.533261e+000
2.850127344310519e-005	0.000000e+000	5.326346e+000
2.883460677643654e-005	0.000000e+000	2.849153e+000
2.900127344310222e-005	0.000000e+000	1.620631e+000
2.916794010976789e-005	0.000000e+000	4.249969e-001
2.933460677643357e-005	0.000000e+000	-7.197812e-001
2.950127344309925e-005	0.000000e+000	-1.797349e+000
2.966794010976492e-005	0.000000e+000	-2.793160e+000
2.983460677643060e-005	0.000000e+000	-3.694633e+000
3.000127344309628e-005	0.000000e+000	-4.491271e+000
3.016794010976195e-005	0.000000e+000	-5.174736e+000
3.033460677642763e-005	0.000000e+000	-5.738895e+000
3.050127344309331e-005	0.000000e+000	-6.179821e+000
3.066794010975898e-005	0.000000e+000	-6.495759e+000
3.083460677642466e-005	0.000000e+000	-6.687060e+000
3.100127344309034e-005	0.000000e+000	-6.756083e+000
3.116794010975602e-005	0.000000e+000	-6.707069e+000
3.133460677642169e-005	0.000000e+000	-6.545989e+000
3.150127344308737e-005	0.000000e+000	-6.280370e+000
3.166794010975305e-005	0.000000e+000	-5.919109e+000
3.183460677641872e-005	0.000000e+000	-5.472264e+000
3.200127344308440e-005	0.000000e+000	-4.950841e+000
3.216794010975008e-005	0.000000e+000	-4.366574e+000
3.233460677641575e-005	0.000000e+000	-3.731705e+000
3.250127344308143e-005	0.000000e+000	-3.058759e+000
3.266794010974711e-005	0.000000e+000	-2.360329e+000
3.300127344307846e-005	0.000000e+000	-9.365082e-001
3.317307577644854e-005	0.000000e+000	-2.079483e-001
3.321018511005455e-005	0.000000e+000	-5.388027e-002
3.326303277710954e-005	0.000000e+000	1.638561e-001
3.333300199999389e-005	0.000000e+000	4.475375e-001
3.333316766666525e-005	0.000000e+000	4.482027e-001
3.333316776666512e-005	0.000000e+000	4.482031e-001
3.333316796666486e-005	0.000000e+000	4.481018e-001
3.333316836666433e-005	0.000000e+000	4.476807e-001
3.333316866666394e-005	0.000000e+000	4.474414e-001
3.333333333333313e-005	0.000000e+000	3.640907e-001
3.333333343333300e-005	0.000000e+000	3.640401e-001
3.333333363333274e-005	1.666667e-001	3.639857e-001
3.333333403333222e-005	7.857157e-001	3.639773e-001
3.333333433332836e-005	1.000000e+000	3.639358e-001
3.333333441332687e-005	1.000000e+000	3.639141e-001
3.333333457332735e-005	1.000000e+000	3.639203e-001
3.333333489332485e-005	1.000000e+000	3.640196e-001
3.333333533333052e-005	1.000000e+000	3.640759e-001
3.333349999999624e-005	1.000000e+000	3.617014e-001
3.333350009999611e-005	1.000000e+000	3.616999e-001
3.333350029999585e-005	1.000000e+000	3.616975e-001
3.333350069999533e-005	1.000000e+000	3.616933e-001
3.333350099999494e-005	1.000000e+000	3.616899e-001
3.335447241262571e-005	1.000000e+000	1.013700e-001
3.337544390525846e-005	1.000000e+000	-1.572079e-001
3.341738689052048e-005	1.000000e+000	-6.686608e-001
3.350127286104454e-005	1.000000e+000	-1.665722e+000
3.366793952771022e-005	1.000000e+000	-3.561818e+000
3.383460619437589e-005	1.000000e+000	-5.334603e+000
3.400127286104157e-005	1.000000e+000	-6.948407e+000
3.416793952770725e-005	1.000000e+000	-8.384003e+000
3.433460619437292e-005	1.000000e+000	-9.625896e+000
3.450127286103860e-005	1.000000e+000	-1.066242e+001
3.466793952770428e-005	1.000000e+000	-1.148575e+001
3.483460619436996e-005	1.000000e+000	-1.209186e+001
3.500127286103563e-005	1.000000e+000	-1.248045e+001
3.516793952770131e-005	1.000000e+000	-1.265473e+001
3.533460619436699e-005	1.000000e+000	-1.262128e+001
3.550127286103266e-005	1.000000e+000	-1.238974e+001
3.566793952769834e-005	1.000000e+000	-1.197255e+001
3.583460619436402e-005	1.000000e+000	-1.138464e+001
3.600127286102969e-005	1.000000e+000	-1.064302e+001
3.616793952769537e-005	1.000000e+000	-9.766480e+000
3.633460619436105e-005	1.000000e+000	-8.775158e+000
3.650127286102672e-005	1.000000e+000	-7.690180e+000
3.666793952769240e-005	1.000000e+000	-6.533266e+000
3.683460619435808e-005	1.000000e+000	-5.326350e+000
3.716793952768943e-005	1.000000e+000	-2.849158e+000
3.733460619435511e-005	1.000000e+000	-1.620635e+000
3.750127286102079e-005	1.000000e+000	-4.250010e-001
3.766793952768646e-005	1.000000e+000	7.197772e-001
3.783460619435214e-005	1.000000e+000	1.797345e+000
3.800127286101782e-005	1.000000e+000	2.793157e+000
3.816793952768349e-005	1.000000e+000	3.694630e+000
3.833460619434917e-005	1.000000e+000	4.491268e+000
3.850127286101485e-005	1.000000e+000	5.174733e+000
3.866793952768052e-005	1.000000e+000	5.738893e+000
3.883460619434620e-005	1.000000e+000	6.179820e+000
3.900127286101188e-005	1.000000e+000	6.495759e+000
3.916793952767755e-005	1.000000e+000	6.687060e+000
3.933460619434323e-005	1.000000e+000	6.756083e+000
3.950127286100891e-005	1.000000e+000	6.707070e+000
3.966793952767458e-005	1.000000e+000	6.545990e+000
3.983460619434026e-005	1.000000e+000	6.280371e+000
4.000127286100594e-005	1.000000e+000	5.919111e+000
4.016793952767161e-005	1.000000e+000	5.472266e+000
4.033460619433729e-005	1.000000e+000	4.950843e+000
4.050127286100297e-005	1.000000e+000	4.366577e+000
4.066793952766865e-005	1.000000e+000	3.731708e+000
4.083460619433432e-005	1.000000e+000	3.058761e+000
4.100127286100000e-005	1.000000e+000	2.360331e+000
4.133460619433135e-005	1.000000e+000	9.365107e-001
4.150640852770143e-005	1.000000e+000	2.079507e-001
4.154351786130744e-005	1.000000e+000	5.388268e-002
4.159636552836243e-005	1.000000e+000	-1.638537e-001
4.166650099999766e-005	1.000000e+000	-4.482027e-001
4.166650109999753e-005	1.000000e+000	-4.482031e-001
4.166650129999727e-005	1.000000e+000	-4.481018e-001
4.166650169999675e-005	1.000000e+000	-4.476807e-001
4.166650199999983e-005	1.000000e+000	-4.474414e-001
4.166666666666555e-005	1.000000e+000	-3.640907e-001
4.166666676666542e-005	1.000000e+000	-3.640401e-001
4.166666696666516e-005	1.000000e+000	-3.639857e-001
4.166666736666463e-005	1.000000e+000	-3.639773e-001
4.166666766666424e-005	1.000000e+000	-3.639358e-001
4.166666774666275e-005	1.000000e+000	-3.639141e-001
4.166666790666324e-005	8.333333e-001	-3.639203e-001
4.166666822666421e-005	2.894730e-001	-3.640196e-001
4.166666866666294e-005	0.000000e+000	-3.640759e-001
4.166683333333213e-005	0.000000e+000	-3.617014e-001
4.166683343333200e-005	0.000000e+000	-3.616999e-001
4.166683363333174e-005	0.000000e+000	-3.616974e-001
4.166683403333121e-005	0.000000e+000	-3.616933e-001
4.166683433333082e-005	0.000000e+000	-3.616899e-001
4.168780574596159e-005	0.000000e+000	-1.013700e-001
4.170877723859434e-005	0.000000e+000	1.572079e-001
4.175072022385637e-005	0.000000e+000	6.686608e-001
4.183460619438043e-005	0.000000e+000	1.665722e+000
4.200127286104610e-005	0.000000e+000	3.561818e+000
4.216793952771178e-005	0.000000e+000	5.334603e+000
4.233460619437746e-005	0.000000e+000	6.948407e+000
4.250127286104313e-005	0.000000e+000	8.384003e+000
4.266793952770881e-005	0.000000e+000	9.625896e+000
4.283460619437449e-005	0.000000e+000	1.066242e+001
4.300127286104016e-005	0.000000e+000	1.148575e+001
4.316793952770584e-005	0.000000e+000	1.209186e+001
4.333460619437152e-005	0.000000e+000	1.248045e+001
4.350127286103719e-005	0.000000e+000	1.265473e+001
4.366793952770287e-005	0.000000e+000	1.262128e+001
4.383460619436855e-005	0.000000e+000	1.238974e+001
4.400127286103422e-005	0.000000e+000	1.197255e+001
4.416793952769990e-005	0.000000e+000	1.138464e+001
4.433460619436558e-005	0.000000e+000	1.064302e+001
4.450127286103126e-005	0.000000e+000	9.766480e+000
4.466793952769693e-005	0.000000e+000	8.775158e+000
4.483460619436261e-005	0.000000e+000	7.690180e+000
4.500127286102829e-005	0.000000e+000	6.533266e+000
4.516793952769396e-005	0.000000e+000	5.326350e+000
4.550127286102532e-005	0.000000e+000	2.849158e+000
4.566793952769099e-005	0.000000e+000	1.620635e+000
4.583460619435667e-005	0.000000e+000	4.250010e-001
4.600127286102235e-005	0.000000e+000	-7.197772e-001
4.616793952768802e-005	0.000000e+000	-1.797345e+000
4.633460619435370e-005	0.000000e+000	-2.793157e+000
4.650127286101938e-005	0.000000e+000	-3.694630e+000
4.666793952768505e-005	0.000000e+000	-4.491268e+000
4.683460619435073e-005	0.000000e+000	-5.174733e+000
4.700127286101641e-005	0.000000e+000	-5.738893e+000
4.716793952768209e-005	0.000000e+000	-6.179820e+000
4.733460619434776e-005	0.000000e+000	-6.495759e+000
4.750127286101344e-005	0.000000e+000	-6.687060e+000
4.766793952767912e-005	0.000000e+000	-6.756083e+000
4.783460619434479e-005	0.000000e+000	-6.707070e+000
4.800127286101047e-005	0.000000e+000	-6.545990e+000
4.816793952767615e-005	0.000000e+000	-6.280371e+000
4.833460619434182e-005	0.000000e+000	-5.919111e+000
4.850127286100750e-005	0.000000e+000	-5.472266e+000
4.866793952767318e-005	0.000000e+000	-4.950843e+000
4.883460619433885e-005	0.000000e+000	-4.366577e+000
4.900127286100453e-005	0.000000e+000	-3.731708e+000
4.916793952767021e-005	0.000000e+000	-3.058761e+000
4.933460619433588e-005	0.000000e+000	-2.360331e+000
4.966793952766724e-005	0.000000e+000	-9.365107e-001
4.983974186103732e-005	0.000000e+000	-2.079507e-001
4.987685119464333e-005	0.000000e+000	-5.388268e-002
4.992969886169832e-005	0.000000e+000	1.638537e-001
4.999734933330835e-005	0.000000e+000	4.382211e-001
4.999983433333008e-005	0.000000e+000	4.482027e-001
4.999983443332995e-005	0.000000e+000	4.482031e-001
4.999983463332969e-005	0.000000e+000	4.481018e-001
4.999983503332917e-005	0.000000e+000	4.476807e-001
4.999983533332877e-005	0.000000e+000	4.474414e-001
4.999999999999796e-005	0.000000e+000	3.640907e-001
5.000000009999783e-005	0.000000e+000	3.640401e-001
5.000000029999757e-005	1.666667e-001	3.639857e-001
5.000000069999705e-005	7.857143e-001	3.639773e-001
5.000000099999666e-005	1.000000e+000	3.639358e-001
5.000000107999517e-005	1.000000e+000	3.639141e-001
5.000000123999565e-005	1.000000e+000	3.639203e-001
5.000000155999662e-005	1.000000e+000	3.640196e-001
5.000000199999535e-005	1.000000e+000	3.640759e-001
5.000016666666454e-005	1.000000e+000	3.617014e-001
5.000016676666441e-005	1.000000e+000	3.616999e-001
5.000016696666415e-005	1.000000e+000	3.616974e-001
5.000016736666363e-005	1.000000e+000	3.616933e-001
5.000016766666324e-005	1.000000e+000	3.616899e-001
5.002113907929401e-005	1.000000e+000	1.013700e-001
5.004211057192676e-005	1.000000e+000	-1.572079e-001
5.008405355718879e-005	1.000000e+000	-6.686608e-001
5.016793952771284e-005	1.000000e+000	-1.665722e+000
5.033460619437852e-005	1.000000e+000	-3.561818e+000
5.050127286104419e-005	1.000000e+000	-5.334603e+000
5.066793952770987e-005	1.000000e+000	-6.948407e+000
5.083460619437555e-005	1.000000e+000	-8.384003e+000
5.100127286104123e-005	1.000000e+000	-9.625896e+000
5.116793952770690e-005	1.000000e+000	-1.066242e+001
5.133460619437258e-005	1.000000e+000	-1.148575e+001
5.150127286103826e-005	1.000000e+000	-1.209186e+001
5.166793952770393e-005	1.000000e+000	-1.248045e+001
5.183460619436961e-005	1.000000e+000	-1.265473e+001
5.200127286103529e-005	1.000000e+000	-1.262128e+001
5.216793952770096e-005	1.000000e+000	-1.238974e+001
5.233460619436664e-005	1.000000e+000	-1.197255e+001
5.250127286103232e-005	1.000000e+000	-1.138464e+001
5.266793952769799e-005	1.000000e+000	-1.064302e+001
5.283460619436367e-005	1.000000e+000	-9.766480e+000
5.300127286102935e-005	1.000000e+000	-8.775158e+000
5.316793952769502e-005	1.000000e+000	-7.690180e+000
5.333460619436070e-005	1.000000e+000	-6.533266e+000
5.350127286102638e-005	1.000000e+000	-5.326350e+000
5.383460619435773e-005	1.000000e+000	-2.849158e+000
5.400127286102341e-005	1.000000e+000	-1.620635e+000
5.416793952768909e-005	1.000000e+000	-4.250010e-001
5.433460619435476e-005	1.000000e+000	7.197772e-001
5.450127286102044e-005	1.000000e+000	1.797345e+000
5.466793952768612e-005	1.000000e+000	2.793157e+000
5.483460619435179e-005	1.000000e+000	3.694630e+000
5.500127286101747e-005	1.000000e+000	4.491268e+000
5.516793952768315e-005	1.000000e+000	5.174733e+000
5.533460619434882e-005	1.000000e+000	5.738893e+000
5.550127286101450e-005	1.000000e+000	6.179820e+000
5.566793952768018e-005	1.000000e+000	6.495759e+000
5.583460619434585e-005	1.000000e+000	6.687060e+000
5.600127286101153e-005	1.000000e+000	6.756083e+000
5.616793952767721e-005	1.000000e+000	6.707070e+000
5.633460619434288e-005	1.000000e+000	6.545990e+000
5.650127286100856e-005	1.000000e+000	6.280371e+000
5.666793952767424e-005	1.000000e+000	5.919111e+000
5.683460619433992e-005	1.000000e+000	5.472266e+000
5.700127286100559e-005	1.000000e+000	4.950843e+000
5.716793952767127e-005	1.000000e+000	4.366577e+000
5.733460619433695e-005	1.000000e+000	3.731708e+000
5.750127286100262e-005	1.000000e+000	3.058761e+000
5.766793952766830e-005	1.000000e+000	2.360331e+000
5.800127286099965e-005	1.000000e+000	9.365107e-001
5.817307519436973e-005	1.000000e+000	2.079507e-001
5.821018452797575e-005	1.000000e+000	5.388268e-002
5.826303219503073e-005	1.000000e+000	-1.638537e-001
5.833316766666249e-005	1.000000e+000	-4.482027e-001
5.833316776666236e-005	1.000000e+000	-4.482031e-001
5.833316796666210e-005	1.000000e+000	-4.481018e-001
5.833316836666158e-005	1.000000e+000	-4.476807e-001
5.833316866666466e-005	1.000000e+000	-4.474414e-001
5.833333333333038e-005	1.000000e+000	-3.640907e-001
5.833333343333025e-005	1.000000e+000	-3.640401e-001
5.833333363332999e-005	1.000000e+000	-3.639857e-001
5.833333403332947e-005	1.000000e+000	-3.639773e-001
5.833333433333254e-005	1.000000e+000	-3.639358e-001
5.833333441333105e-005	1.000000e+000	-3.639141e-001
5.833333457333154e-005	8.333333e-001	-3.639203e-001
5.833333489333251e-005	2.894730e-001	-3.640196e-001
5.833333533333124e-005	0.000000e+000	-3.640759e-001
5.833349999999696e-005	0.000000e+000	-3.617014e-001
5.833350009999683e-005	0.000000e+000	-3.616999e-001
5.833350029999657e-005	0.000000e+000	-3.616974e-001
5.833350069999604e-005	0.000000e+000	-3.616933e-001
5.833350099999912e-005	0.000000e+000	-3.616899e-001
5.835447248539114e-005	0.000000e+000	-1.013691e-001
5.837544405078166e-005	0.000000e+000	1.572097e-001
5.841738718156270e-005	0.000000e+000	6.686643e-001
5.850127344312478e-005	0.000000e+000	1.665729e+000
5.866794010979046e-005	0.000000e+000	3.561824e+000
5.883460677645613e-005	0.000000e+000	5.334609e+000
5.900127344312181e-005	0.000000e+000	6.948412e+000
5.916794010978749e-005	0.000000e+000	8.384007e+000
5.933460677645316e-005	0.000000e+000	9.625899e+000
5.950127344311884e-005	0.000000e+000	1.066242e+001
5.966794010978452e-005	0.000000e+000	1.148575e+001
5.983460677645019e-005	0.000000e+000	1.209186e+001
6.000127344311587e-005	0.000000e+000	1.248045e+001
6.016794010978155e-005	0.000000e+000	1.265473e+001
6.033460677644723e-005	0.000000e+000	1.262127e+001
6.050127344311290e-005	0.000000e+000	1.238974e+001
6.066794010977858e-005	0.000000e+000	1.197255e+001
6.083460677644426e-005	0.000000e+000	1.138464e+001
6.100127344310993e-005	0.000000e+000	1.064302e+001
6.116794010977561e-005	0.000000e+000	9.766477e+000
6.133460677644129e-005	0.000000e+000	8.775154e+000
6.150127344310696e-005	0.000000e+000	7.690176e+000
6.166794010977264e-005	0.000000e+000	6.533261e+000
6.183460677643832e-005	0.000000e+000	5.326346e+000
6.216794010976967e-005	0.000000e+000	2.849153e+000
6.233460677643535e-005	0.000000e+000	1.620631e+000
6.250127344310102e-005	0.000000e+000	4.249969e-001
6.266794010976670e-005	0.000000e+000	-7.197812e-001
6.283460677643238e-005	0.000000e+000	-1.797349e+000
6.300127344309806e-005	0.000000e+000	-2.793160e+000
6.316794010976373e-005	0.000000e+000	-3.694633e+000
6.333460677642941e-005	0.000000e+000	-4.491271e+000
6.350127344309509e-005	0.000000e+000	-5.174736e+000
6.366794010976076e-005	0.000000e+000	-5.738895e+000
6.383460677642644e-005	0.000000e+000	-6.179821e+000
6.400127344309212e-005	0.000000e+000	-6.495759e+000
6.416794010975779e-005	0.000000e+000	-6.687060e+000
6.433460677642347e-005	0.000000e+000	-6.756083e+000
6.450127344308915e-005	0.000000e+000	-6.707069e+000
6.466794010975482e-005	0.000000e+000	-6.545989e+000
6.483460677642050e-005	0.000000e+000	-6.280370e+000
6.500127344308618e-005	0.000000e+000	-5.919109e+000
6.516794010975185e-005	0.000000e+000	-5.472264e+000
6.533460677641753e-005	0.000000e+000	-4.950841e+000
6.550127344308321e-005	0.000000e+000	-4.366574e+000
6.566794010974889e-005	0.000000e+000	-3.731705e+000
6.583460677641456e-005	0.000000e+000	-3.058759e+000
6.600127344308024e-005	0.000000e+000	-2.360329e+000
6.633460677641159e-005	0.000000e+000	-9.365082e-001
6.650640910978167e-005	0.000000e+000	-2.079483e-001
6.654351844338768e-005	0.000000e+000	-5.388027e-002
6.659636611044267e-005	0.000000e+000	1.638561e-001
6.665169877751592e-005	0.000000e+000	3.886409e-001
6.666650099999838e-005	0.000000e+000	4.482027e-001
6.666650109999825e-005	0.000000e+000	4.482031e-001
6.666650129999799e-005	0.000000e+000	4.481018e-001
6.666650169999747e-005	0.000000e+000	4.476807e-001
6.666650199999707e-005	0.000000e+000	4.474414e-001
6.666666575978406e-005	0.000000e+000	3.645498e-001
6.666666666660034e-005	0.000000e+000	3.640907e-001
Step Information: Freq=120K  (Run: 2/3)
0.000000000000000e+000	0.000000e+000	9.442469e-001
9.999986949615902e-014	0.000000e+000	9.441965e-001
2.999996084884771e-013	1.666667e-001	9.441432e-001
6.999990864731132e-013	7.857143e-001	9.441386e-001
9.999986949615902e-013	1.000000e+000	9.440994e-001
1.079998937503213e-012	1.000000e+000	9.440781e-001
1.239999422586458e-012	1.000000e+000	9.440860e-001
1.559998658029471e-012	1.000000e+000	9.441900e-001
1.999999124646656e-012	1.000000e+000	9.442514e-001
8.333333328947035e-011	1.000000e+000	9.438535e-001
8.343333315896651e-011	1.000000e+000	9.438530e-001
8.363333289795882e-011	1.000000e+000	9.438524e-001
8.403333237594346e-011	1.000000e+000	9.438521e-001
8.433333198443194e-011	1.000000e+000	9.438515e-001
1.673035571903708e-007	1.000000e+000	4.485207e-001
2.506368905232093e-007	1.000000e+000	2.045731e-001
3.339702238560477e-007	1.000000e+000	-3.616438e-002
4.173035571888861e-007	1.000000e+000	-2.727722e-001
5.006368905217246e-007	1.000000e+000	-5.043682e-001
5.839702238545630e-007	1.000000e+000	-7.301105e-001
6.673035571874014e-007	1.000000e+000	-9.492000e-001
7.506368905202399e-007	1.000000e+000	-1.160883e+000
8.339702238530783e-007	1.000000e+000	-1.364452e+000
9.173035571859167e-007	1.000000e+000	-1.559250e+000
1.000636890518755e-006	1.000000e+000	-1.744671e+000
1.083970223851594e-006	1.000000e+000	-1.920159e+000
1.167303557184432e-006	1.000000e+000	-2.085212e+000
1.250636890517270e-006	1.000000e+000	-2.239385e+000
1.333970223850109e-006	1.000000e+000	-2.382282e+000
1.417303557182947e-006	1.000000e+000	-2.513568e+000
1.500636890515786e-006	1.000000e+000	-2.632960e+000
1.583970223848624e-006	1.000000e+000	-2.740231e+000
1.667303557181463e-006	1.000000e+000	-2.835208e+000
1.750636890514301e-006	1.000000e+000	-2.917774e+000
1.833970223847140e-006	1.000000e+000	-2.987866e+000
1.917303557179978e-006	1.000000e+000	-3.045471e+000
2.000636890512816e-006	1.000000e+000	-3.090631e+000
2.083970223845655e-006	1.000000e+000	-3.123435e+000
2.167303557178493e-006	1.000000e+000	-3.144025e+000
2.250636890511332e-006	1.000000e+000	-3.152586e+000
2.333970223844170e-006	1.000000e+000	-3.149351e+000
2.417303557177009e-006	1.000000e+000	-3.134594e+000
2.500636890509847e-006	1.000000e+000	-3.108634e+000
2.583970223842685e-006	1.000000e+000	-3.071826e+000
2.667303557175524e-006	1.000000e+000	-3.024562e+000
2.750636890508362e-006	1.000000e+000	-2.967270e+000
2.833970223841201e-006	1.000000e+000	-2.900408e+000
2.917303557174039e-006	1.000000e+000	-2.824464e+000
3.000636890506878e-006	1.000000e+000	-2.739953e+000
3.083970223839716e-006	1.000000e+000	-2.647413e+000
3.167303557172554e-006	1.000000e+000	-2.547403e+000
3.250636890505393e-006	1.000000e+000	-2.440501e+000
3.333970223838231e-006	1.000000e+000	-2.327301e+000
3.417303557171070e-006	1.000000e+000	-2.208407e+000
3.500636890503908e-006	1.000000e+000	-2.084437e+000
3.583970223836747e-006	1.000000e+000	-1.956013e+000
3.667303557169585e-006	1.000000e+000	-1.823762e+000
3.750636890502423e-006	1.000000e+000	-1.688315e+000
3.917303557168100e-006	1.000000e+000	-1.410341e+000
4.166584333333348e-006	1.000000e+000	-9.860144e-001
4.166584433333218e-006	1.000000e+000	-9.860142e-001
4.166584633332957e-006	1.000000e+000	-9.859133e-001
4.166585033332435e-006	1.000000e+000	-9.854962e-001
4.166585333332043e-006	1.000000e+000	-9.852588e-001
4.166666666666208e-006	1.000000e+000	-9.442469e-001
4.166666766666077e-006	1.000000e+000	-9.441965e-001
4.166666966665816e-006	1.000000e+000	-9.441432e-001
4.166667366665294e-006	1.000000e+000	-9.441386e-001
4.166667666666638e-006	1.000000e+000	-9.440994e-001
4.166667746666880e-006	1.000000e+000	-9.440781e-001
4.166667906667365e-006	8.333333e-001	-9.440860e-001
4.166668226668335e-006	2.894730e-001	-9.441900e-001
4.166668666667067e-006	0.000000e+000	-9.442514e-001
4.166749999999497e-006	0.000000e+000	-9.438535e-001
4.166750099999367e-006	0.000000e+000	-9.438530e-001
4.166750299999106e-006	0.000000e+000	-9.438524e-001
4.166750699998584e-006	0.000000e+000	-9.438521e-001
4.166750999999927e-006	0.000000e+000	-9.438515e-001
4.333970369377327e-006	0.000000e+000	-4.485203e-001
4.417303702710165e-006	0.000000e+000	-2.045727e-001
4.500637036043004e-006	0.000000e+000	3.616480e-002
4.583970369375842e-006	0.000000e+000	2.727726e-001
4.667303702708681e-006	0.000000e+000	5.043686e-001
4.750637036041519e-006	0.000000e+000	7.301109e-001
4.833970369374357e-006	0.000000e+000	9.492003e-001
4.917303702707196e-006	0.000000e+000	1.160883e+000
5.000637036040034e-006	0.000000e+000	1.364452e+000
5.083970369372873e-006	0.000000e+000	1.559251e+000
5.167303702705711e-006	0.000000e+000	1.744671e+000
5.250637036038550e-006	0.000000e+000	1.920159e+000
5.333970369371388e-006	0.000000e+000	2.085213e+000
5.417303702704227e-006	0.000000e+000	2.239385e+000
5.500637036037065e-006	0.000000e+000	2.382283e+000
5.583970369369903e-006	0.000000e+000	2.513568e+000
5.667303702702742e-006	0.000000e+000	2.632960e+000
5.750637036035580e-006	0.000000e+000	2.740231e+000
5.833970369368419e-006	0.000000e+000	2.835208e+000
5.917303702701257e-006	0.000000e+000	2.917774e+000
6.000637036034096e-006	0.000000e+000	2.987866e+000
6.083970369366934e-006	0.000000e+000	3.045471e+000
6.167303702699772e-006	0.000000e+000	3.090631e+000
6.250637036032611e-006	0.000000e+000	3.123436e+000
6.333970369365449e-006	0.000000e+000	3.144025e+000
6.417303702698288e-006	0.000000e+000	3.152586e+000
6.500637036031126e-006	0.000000e+000	3.149351e+000
6.583970369363965e-006	0.000000e+000	3.134594e+000
6.667303702696803e-006	0.000000e+000	3.108634e+000
6.750637036029641e-006	0.000000e+000	3.071826e+000
6.833970369362480e-006	0.000000e+000	3.024562e+000
6.917303702695318e-006	0.000000e+000	2.967270e+000
7.000637036028157e-006	0.000000e+000	2.900408e+000
7.083970369360995e-006	0.000000e+000	2.824464e+000
7.167303702693834e-006	0.000000e+000	2.739953e+000
7.250637036026672e-006	0.000000e+000	2.647413e+000
7.333970369359510e-006	0.000000e+000	2.547403e+000
7.417303702692349e-006	0.000000e+000	2.440501e+000
7.500637036025187e-006	0.000000e+000	2.327301e+000
7.583970369358026e-006	0.000000e+000	2.208407e+000
7.667303702690864e-006	0.000000e+000	2.084437e+000
7.750637036023703e-006	0.000000e+000	1.956013e+000
7.833970369356541e-006	0.000000e+000	1.823762e+000
7.917303702689379e-006	0.000000e+000	1.688315e+000
8.083970369355056e-006	0.000000e+000	1.410341e+000
8.333250999999556e-006	0.000000e+000	9.860144e-001
8.333251099999425e-006	0.000000e+000	9.860142e-001
8.333251299999164e-006	0.000000e+000	9.859133e-001
8.333251699998642e-006	0.000000e+000	9.854962e-001
8.333251999999985e-006	0.000000e+000	9.852588e-001
8.333253200001889e-006	0.000000e+000	9.846537e-001
8.333333333334150e-006	0.000000e+000	9.442469e-001
8.333333433334020e-006	0.000000e+000	9.441965e-001
8.333333633333759e-006	1.666667e-001	9.441432e-001
8.333334033333237e-006	7.857143e-001	9.441386e-001
8.333334333332845e-006	1.000000e+000	9.440994e-001
8.333334413333088e-006	1.000000e+000	9.440781e-001
8.333334573333573e-006	1.000000e+000	9.440860e-001
8.333334893332808e-006	1.000000e+000	9.441900e-001
8.333335333333275e-006	1.000000e+000	9.442514e-001
8.333416666665705e-006	1.000000e+000	9.438535e-001
8.333416766665575e-006	1.000000e+000	9.438530e-001
8.333416966665314e-006	1.000000e+000	9.438524e-001
8.333417366664792e-006	1.000000e+000	9.438521e-001
8.333417666666135e-006	1.000000e+000	9.438515e-001
8.500637036043535e-006	1.000000e+000	4.485203e-001
8.583970369376373e-006	1.000000e+000	2.045727e-001
8.667303702709212e-006	1.000000e+000	-3.616480e-002
8.750637036042050e-006	1.000000e+000	-2.727726e-001
8.833970369374888e-006	1.000000e+000	-5.043686e-001
8.917303702707727e-006	1.000000e+000	-7.301109e-001
9.000637036040565e-006	1.000000e+000	-9.492003e-001
9.083970369373404e-006	1.000000e+000	-1.160883e+000
9.167303702706242e-006	1.000000e+000	-1.364452e+000
9.250637036039081e-006	1.000000e+000	-1.559251e+000
9.333970369371919e-006	1.000000e+000	-1.744671e+000
9.417303702704757e-006	1.000000e+000	-1.920159e+000
9.500637036037596e-006	1.000000e+000	-2.085213e+000
9.583970369370434e-006	1.000000e+000	-2.239385e+000
9.667303702703273e-006	1.000000e+000	-2.382283e+000
9.750637036036111e-006	1.000000e+000	-2.513568e+000
9.833970369368950e-006	1.000000e+000	-2.632960e+000
9.917303702701788e-006	1.000000e+000	-2.740231e+000
1.000063703603463e-005	1.000000e+000	-2.835208e+000
1.008397036936747e-005	1.000000e+000	-2.917774e+000
1.016730370270030e-005	1.000000e+000	-2.987866e+000
1.025063703603314e-005	1.000000e+000	-3.045471e+000
1.033397036936598e-005	1.000000e+000	-3.090631e+000
1.041730370269882e-005	1.000000e+000	-3.123436e+000
1.050063703603166e-005	1.000000e+000	-3.144025e+000
1.058397036936450e-005	1.000000e+000	-3.152586e+000
1.066730370269733e-005	1.000000e+000	-3.149351e+000
1.075063703603017e-005	1.000000e+000	-3.134594e+000
1.083397036936301e-005	1.000000e+000	-3.108634e+000
1.091730370269585e-005	1.000000e+000	-3.071826e+000
1.100063703602869e-005	1.000000e+000	-3.024562e+000
1.108397036936153e-005	1.000000e+000	-2.967270e+000
1.116730370269436e-005	1.000000e+000	-2.900408e+000
1.125063703602720e-005	1.000000e+000	-2.824464e+000
1.133397036936004e-005	1.000000e+000	-2.739953e+000
1.141730370269288e-005	1.000000e+000	-2.647413e+000
1.150063703602572e-005	1.000000e+000	-2.547403e+000
1.158397036935856e-005	1.000000e+000	-2.440501e+000
1.166730370269140e-005	1.000000e+000	-2.327301e+000
1.175063703602423e-005	1.000000e+000	-2.208407e+000
1.183397036935707e-005	1.000000e+000	-2.084437e+000
1.191730370268991e-005	1.000000e+000	-1.956013e+000
1.200063703602275e-005	1.000000e+000	-1.823762e+000
1.208397036935559e-005	1.000000e+000	-1.688315e+000
1.225063703602126e-005	1.000000e+000	-1.410341e+000
1.249991766666750e-005	1.000000e+000	-9.860144e-001
1.249991776666737e-005	1.000000e+000	-9.860142e-001
1.249991796666711e-005	1.000000e+000	-9.859133e-001
1.249991836666659e-005	1.000000e+000	-9.854962e-001
1.249991866666619e-005	1.000000e+000	-9.852588e-001
1.250000000000036e-005	1.000000e+000	-9.442469e-001
1.250000010000023e-005	1.000000e+000	-9.441965e-001
1.250000029999997e-005	1.000000e+000	-9.441432e-001
1.250000069999945e-005	1.000000e+000	-9.441386e-001
1.250000099999905e-005	1.000000e+000	-9.440994e-001
1.250000107999930e-005	1.000000e+000	-9.440781e-001
1.250000123999978e-005	8.333327e-001	-9.440860e-001
1.250000155999902e-005	2.894741e-001	-9.441900e-001
1.250000199999948e-005	0.000000e+000	-9.442514e-001
1.250008333333365e-005	0.000000e+000	-9.438535e-001
1.250008343333352e-005	0.000000e+000	-9.438530e-001
1.250008363333326e-005	0.000000e+000	-9.438524e-001
1.250008403333273e-005	0.000000e+000	-9.438521e-001
1.250008433333234e-005	0.000000e+000	-9.438515e-001
1.266730355719073e-005	0.000000e+000	-4.485207e-001
1.275063689052357e-005	0.000000e+000	-2.045731e-001
1.283397022385641e-005	0.000000e+000	3.616438e-002
1.291730355718924e-005	0.000000e+000	2.727722e-001
1.300063689052208e-005	0.000000e+000	5.043682e-001
1.308397022385492e-005	0.000000e+000	7.301105e-001
1.316730355718776e-005	0.000000e+000	9.491999e-001
1.325063689052060e-005	0.000000e+000	1.160883e+000
1.333397022385344e-005	0.000000e+000	1.364452e+000
1.341730355718628e-005	0.000000e+000	1.559250e+000
1.350063689051911e-005	0.000000e+000	1.744671e+000
1.358397022385195e-005	0.000000e+000	1.920159e+000
1.366730355718479e-005	0.000000e+000	2.085212e+000
1.375063689051763e-005	0.000000e+000	2.239385e+000
1.383397022385047e-005	0.000000e+000	2.382282e+000
1.391730355718331e-005	0.000000e+000	2.513568e+000
1.400063689051614e-005	0.000000e+000	2.632960e+000
1.408397022384898e-005	0.000000e+000	2.740231e+000
1.416730355718182e-005	0.000000e+000	2.835208e+000
1.425063689051466e-005	0.000000e+000	2.917774e+000
1.433397022384750e-005	0.000000e+000	2.987866e+000
1.441730355718034e-005	0.000000e+000	3.045471e+000
1.450063689051317e-005	0.000000e+000	3.090631e+000
1.458397022384601e-005	0.000000e+000	3.123435e+000
1.466730355717885e-005	0.000000e+000	3.144025e+000
1.475063689051169e-005	0.000000e+000	3.152586e+000
1.483397022384453e-005	0.000000e+000	3.149351e+000
1.491730355717737e-005	0.000000e+000	3.134594e+000
1.500063689051021e-005	0.000000e+000	3.108634e+000
1.508397022384304e-005	0.000000e+000	3.071826e+000
1.516730355717588e-005	0.000000e+000	3.024562e+000
1.525063689050872e-005	0.000000e+000	2.967270e+000
1.533397022384156e-005	0.000000e+000	2.900408e+000
1.541730355717440e-005	0.000000e+000	2.824464e+000
1.550063689050724e-005	0.000000e+000	2.739953e+000
1.558397022384007e-005	0.000000e+000	2.647413e+000
1.566730355717291e-005	0.000000e+000	2.547403e+000
1.575063689050575e-005	0.000000e+000	2.440501e+000
1.583397022383859e-005	0.000000e+000	2.327301e+000
1.591730355717143e-005	0.000000e+000	2.208407e+000
1.600063689050427e-005	0.000000e+000	2.084437e+000
1.608397022383711e-005	0.000000e+000	1.956013e+000
1.616730355716994e-005	0.000000e+000	1.823762e+000
1.625063689050278e-005	0.000000e+000	1.688315e+000
1.641730355716846e-005	0.000000e+000	1.410341e+000
1.666658433333197e-005	0.000000e+000	9.860144e-001
1.666658443333184e-005	0.000000e+000	9.860142e-001
1.666658463333158e-005	0.000000e+000	9.859133e-001
1.666658503333106e-005	0.000000e+000	9.854962e-001
1.666658533333240e-005	0.000000e+000	9.852588e-001
1.666666666666657e-005	0.000000e+000	9.442469e-001
1.666666676666644e-005	0.000000e+000	9.441965e-001
1.666666696666617e-005	1.666667e-001	9.441432e-001
1.666666736666565e-005	7.857143e-001	9.441386e-001
1.666666766666526e-005	1.000000e+000	9.440994e-001
1.666666774666550e-005	1.000000e+000	9.440781e-001
1.666666790666599e-005	1.000000e+000	9.440860e-001
1.666666822666522e-005	1.000000e+000	9.441900e-001
1.666666866666569e-005	1.000000e+000	9.442514e-001
1.666674999999986e-005	1.000000e+000	9.438535e-001
1.666675009999973e-005	1.000000e+000	9.438530e-001
1.666675029999946e-005	1.000000e+000	9.438524e-001
1.666675069999894e-005	1.000000e+000	9.438521e-001
1.666675099999855e-005	1.000000e+000	9.438515e-001
1.683397022385694e-005	1.000000e+000	4.485207e-001
1.691730355718978e-005	1.000000e+000	2.045731e-001
1.700063689052261e-005	1.000000e+000	-3.616438e-002
1.708397022385545e-005	1.000000e+000	-2.727722e-001
1.716730355718829e-005	1.000000e+000	-5.043682e-001
1.725063689052113e-005	1.000000e+000	-7.301105e-001
1.733397022385397e-005	1.000000e+000	-9.491999e-001
1.741730355718681e-005	1.000000e+000	-1.160883e+000
1.750063689051964e-005	1.000000e+000	-1.364452e+000
1.758397022385248e-005	1.000000e+000	-1.559250e+000
1.766730355718532e-005	1.000000e+000	-1.744671e+000
1.775063689051816e-005	1.000000e+000	-1.920159e+000
1.783397022385100e-005	1.000000e+000	-2.085212e+000
1.791730355718384e-005	1.000000e+000	-2.239385e+000
1.800063689051668e-005	1.000000e+000	-2.382282e+000
1.808397022384951e-005	1.000000e+000	-2.513568e+000
1.816730355718235e-005	1.000000e+000	-2.632960e+000
1.825063689051519e-005	1.000000e+000	-2.740231e+000
1.833397022384803e-005	1.000000e+000	-2.835208e+000
1.841730355718087e-005	1.000000e+000	-2.917774e+000
1.850063689051371e-005	1.000000e+000	-2.987866e+000
1.858397022384654e-005	1.000000e+000	-3.045471e+000
1.866730355717938e-005	1.000000e+000	-3.090631e+000
1.875063689051222e-005	1.000000e+000	-3.123435e+000
1.883397022384506e-005	1.000000e+000	-3.144025e+000
1.891730355717790e-005	1.000000e+000	-3.152586e+000
1.900063689051074e-005	1.000000e+000	-3.149351e+000
1.908397022384357e-005	1.000000e+000	-3.134594e+000
1.916730355717641e-005	1.000000e+000	-3.108634e+000
1.925063689050925e-005	1.000000e+000	-3.071826e+000
1.933397022384209e-005	1.000000e+000	-3.024562e+000
1.941730355717493e-005	1.000000e+000	-2.967270e+000
1.950063689050777e-005	1.000000e+000	-2.900408e+000
1.958397022384061e-005	1.000000e+000	-2.824464e+000
1.966730355717344e-005	1.000000e+000	-2.739953e+000
1.975063689050628e-005	1.000000e+000	-2.647413e+000
1.983397022383912e-005	1.000000e+000	-2.547403e+000
1.991730355717196e-005	1.000000e+000	-2.440501e+000
2.000063689050480e-005	1.000000e+000	-2.327301e+000
2.008397022383764e-005	1.000000e+000	-2.208407e+000
2.016730355717047e-005	1.000000e+000	-2.084437e+000
2.025063689050331e-005	1.000000e+000	-1.956013e+000
2.033397022383615e-005	1.000000e+000	-1.823762e+000
2.041730355716899e-005	1.000000e+000	-1.688315e+000
2.058397022383467e-005	1.000000e+000	-1.410341e+000
2.083325099999991e-005	1.000000e+000	-9.860144e-001
2.083325109999978e-005	1.000000e+000	-9.860142e-001
2.083325129999952e-005	1.000000e+000	-9.859133e-001
2.083325169999900e-005	1.000000e+000	-9.854962e-001
2.083325199999861e-005	1.000000e+000	-9.852588e-001
2.083333333333277e-005	1.000000e+000	-9.442469e-001
2.083333343333264e-005	1.000000e+000	-9.441965e-001
2.083333363333238e-005	1.000000e+000	-9.441432e-001
2.083333403333186e-005	1.000000e+000	-9.441386e-001
2.083333433333320e-005	1.000000e+000	-9.440994e-001
2.083333441333345e-005	1.000000e+000	-9.440781e-001
2.083333457333393e-005	8.333333e-001	-9.440860e-001
2.083333489333490e-005	2.894730e-001	-9.441900e-001
2.083333533333363e-005	0.000000e+000	-9.442514e-001
2.083341666666606e-005	0.000000e+000	-9.438535e-001
2.083341676666593e-005	0.000000e+000	-9.438530e-001
2.083341696666567e-005	0.000000e+000	-9.438524e-001
2.083341736666515e-005	0.000000e+000	-9.438521e-001
2.083341766666649e-005	0.000000e+000	-9.438515e-001
2.100063703604389e-005	0.000000e+000	-4.485203e-001
2.108397036937673e-005	0.000000e+000	-2.045727e-001
2.116730370270957e-005	0.000000e+000	3.616480e-002
2.125063703604241e-005	0.000000e+000	2.727726e-001
2.133397036937525e-005	0.000000e+000	5.043686e-001
2.141730370270809e-005	0.000000e+000	7.301109e-001
2.150063703604092e-005	0.000000e+000	9.492003e-001
2.158397036937376e-005	0.000000e+000	1.160883e+000
2.166730370270660e-005	0.000000e+000	1.364452e+000
2.175063703603944e-005	0.000000e+000	1.559251e+000
2.183397036937228e-005	0.000000e+000	1.744671e+000
2.191730370270512e-005	0.000000e+000	1.920159e+000
2.200063703603795e-005	0.000000e+000	2.085213e+000
2.208397036937079e-005	0.000000e+000	2.239385e+000
2.216730370270363e-005	0.000000e+000	2.382283e+000
2.225063703603647e-005	0.000000e+000	2.513568e+000
2.233397036936931e-005	0.000000e+000	2.632960e+000
2.241730370270215e-005	0.000000e+000	2.740231e+000
2.250063703603498e-005	0.000000e+000	2.835208e+000
2.258397036936782e-005	0.000000e+000	2.917774e+000
2.266730370270066e-005	0.000000e+000	2.987866e+000
2.275063703603350e-005	0.000000e+000	3.045471e+000
2.283397036936634e-005	0.000000e+000	3.090631e+000
2.291730370269918e-005	0.000000e+000	3.123436e+000
2.300063703603202e-005	0.000000e+000	3.144025e+000
2.308397036936485e-005	0.000000e+000	3.152586e+000
2.316730370269769e-005	0.000000e+000	3.149351e+000
2.325063703603053e-005	0.000000e+000	3.134594e+000
2.333397036936337e-005	0.000000e+000	3.108634e+000
2.341730370269621e-005	0.000000e+000	3.071826e+000
2.350063703602905e-005	0.000000e+000	3.024562e+000
2.358397036936188e-005	0.000000e+000	2.967270e+000
2.366730370269472e-005	0.000000e+000	2.900408e+000
2.375063703602756e-005	0.000000e+000	2.824464e+000
2.383397036936040e-005	0.000000e+000	2.739953e+000
2.391730370269324e-005	0.000000e+000	2.647413e+000
2.400063703602608e-005	0.000000e+000	2.547403e+000
2.408397036935892e-005	0.000000e+000	2.440501e+000
2.416730370269175e-005	0.000000e+000	2.327301e+000
2.425063703602459e-005	0.000000e+000	2.208407e+000
2.433397036935743e-005	0.000000e+000	2.084437e+000
2.441730370269027e-005	0.000000e+000	1.956013e+000
2.450063703602311e-005	0.000000e+000	1.823762e+000
2.458397036935595e-005	0.000000e+000	1.688315e+000
2.475063703602162e-005	0.000000e+000	1.410341e+000
2.499991766666612e-005	0.000000e+000	9.860144e-001
2.499991776666599e-005	0.000000e+000	9.860142e-001
2.499991796666573e-005	0.000000e+000	9.859133e-001
2.499991836666521e-005	0.000000e+000	9.854962e-001
2.499991866666655e-005	0.000000e+000	9.852588e-001
2.500000000000072e-005	0.000000e+000	9.442469e-001
2.500000010000059e-005	0.000000e+000	9.441965e-001
2.500000030000033e-005	1.666667e-001	9.441432e-001
2.500000069999980e-005	7.857143e-001	9.441386e-001
2.500000099999941e-005	1.000000e+000	9.440994e-001
2.500000107999965e-005	1.000000e+000	9.440781e-001
2.500000124000014e-005	1.000000e+000	9.440860e-001
2.500000155999937e-005	1.000000e+000	9.441900e-001
2.500000199999984e-005	1.000000e+000	9.442514e-001
2.500008333333227e-005	1.000000e+000	9.438535e-001
2.500008343333214e-005	1.000000e+000	9.438530e-001
2.500008363333188e-005	1.000000e+000	9.438524e-001
2.500008403333136e-005	1.000000e+000	9.438521e-001
2.500008433333270e-005	1.000000e+000	9.438515e-001
2.516730370271010e-005	1.000000e+000	4.485203e-001
2.525063703604294e-005	1.000000e+000	2.045727e-001
2.533397036937578e-005	1.000000e+000	-3.616480e-002
2.541730370270862e-005	1.000000e+000	-2.727726e-001
2.550063703604145e-005	1.000000e+000	-5.043686e-001
2.558397036937429e-005	1.000000e+000	-7.301109e-001
2.566730370270713e-005	1.000000e+000	-9.492003e-001
2.575063703603997e-005	1.000000e+000	-1.160883e+000
2.583397036937281e-005	1.000000e+000	-1.364452e+000
2.591730370270565e-005	1.000000e+000	-1.559251e+000
2.600063703603849e-005	1.000000e+000	-1.744671e+000
2.608397036937132e-005	1.000000e+000	-1.920159e+000
2.616730370270416e-005	1.000000e+000	-2.085213e+000
2.625063703603700e-005	1.000000e+000	-2.239385e+000
2.633397036936984e-005	1.000000e+000	-2.382283e+000
2.641730370270268e-005	1.000000e+000	-2.513568e+000
2.650063703603552e-005	1.000000e+000	-2.632960e+000
2.658397036936835e-005	1.000000e+000	-2.740231e+000
2.666730370270119e-005	1.000000e+000	-2.835208e+000
2.675063703603403e-005	1.000000e+000	-2.917774e+000
2.683397036936687e-005	1.000000e+000	-2.987866e+000
2.691730370269971e-005	1.000000e+000	-3.045471e+000
2.700063703603255e-005	1.000000e+000	-3.090631e+000
2.708397036936538e-005	1.000000e+000	-3.123436e+000
2.716730370269822e-005	1.000000e+000	-3.144025e+000
2.725063703603106e-005	1.000000e+000	-3.152586e+000
2.733397036936390e-005	1.000000e+000	-3.149351e+000
2.741730370269674e-005	1.000000e+000	-3.134594e+000
2.750063703602958e-005	1.000000e+000	-3.108634e+000
2.758397036936242e-005	1.000000e+000	-3.071826e+000
2.766730370269525e-005	1.000000e+000	-3.024562e+000
2.775063703602809e-005	1.000000e+000	-2.967270e+000
2.783397036936093e-005	1.000000e+000	-2.900408e+000
2.791730370269377e-005	1.000000e+000	-2.824464e+000
2.800063703602661e-005	1.000000e+000	-2.739953e+000
2.808397036935945e-005	1.000000e+000	-2.647413e+000
2.816730370269228e-005	1.000000e+000	-2.547403e+000
2.825063703602512e-005	1.000000e+000	-2.440501e+000
2.833397036935796e-005	1.000000e+000	-2.327301e+000
2.841730370269080e-005	1.000000e+000	-2.208407e+000
2.850063703602364e-005	1.000000e+000	-2.084437e+000
2.858397036935648e-005	1.000000e+000	-1.956013e+000
2.866730370268932e-005	1.000000e+000	-1.823762e+000
2.875063703602215e-005	1.000000e+000	-1.688315e+000
2.891730370268783e-005	1.000000e+000	-1.410341e+000
2.916658433333406e-005	1.000000e+000	-9.860144e-001
2.916658443333393e-005	1.000000e+000	-9.860142e-001
2.916658463333367e-005	1.000000e+000	-9.859133e-001
2.916658503333315e-005	1.000000e+000	-9.854962e-001
2.916658533333276e-005	1.000000e+000	-9.852588e-001
2.916666666666692e-005	1.000000e+000	-9.442469e-001
2.916666676666679e-005	1.000000e+000	-9.441965e-001
2.916666696666653e-005	1.000000e+000	-9.441432e-001
2.916666736666601e-005	1.000000e+000	-9.441386e-001
2.916666766666562e-005	1.000000e+000	-9.440994e-001
2.916666774666586e-005	1.000000e+000	-9.440781e-001
2.916666790666635e-005	8.333327e-001	-9.440860e-001
2.916666822666558e-005	2.894741e-001	-9.441900e-001
2.916666866666605e-005	0.000000e+000	-9.442514e-001
2.916675000000021e-005	0.000000e+000	-9.438535e-001
2.916675010000008e-005	0.000000e+000	-9.438530e-001
2.916675029999982e-005	0.000000e+000	-9.438524e-001
2.916675069999930e-005	0.000000e+000	-9.438521e-001
2.916675099999891e-005	0.000000e+000	-9.438515e-001
2.933397022385730e-005	0.000000e+000	-4.485207e-001
2.941730355719013e-005	0.000000e+000	-2.045731e-001
2.950063689052297e-005	0.000000e+000	3.616438e-002
2.958397022385581e-005	0.000000e+000	2.727722e-001
2.966730355718865e-005	0.000000e+000	5.043682e-001
2.975063689052149e-005	0.000000e+000	7.301105e-001
2.983397022385433e-005	0.000000e+000	9.491999e-001
2.991730355718716e-005	0.000000e+000	1.160883e+000
3.000063689052000e-005	0.000000e+000	1.364452e+000
3.008397022385284e-005	0.000000e+000	1.559250e+000
3.016730355718568e-005	0.000000e+000	1.744671e+000
3.025063689051852e-005	0.000000e+000	1.920159e+000
3.033397022385136e-005	0.000000e+000	2.085212e+000
3.041730355718419e-005	0.000000e+000	2.239385e+000
3.050063689051703e-005	0.000000e+000	2.382282e+000
3.058397022384987e-005	0.000000e+000	2.513568e+000
3.066730355718271e-005	0.000000e+000	2.632960e+000
3.075063689051555e-005	0.000000e+000	2.740231e+000
3.083397022384839e-005	0.000000e+000	2.835208e+000
3.091730355718123e-005	0.000000e+000	2.917774e+000
3.100063689051406e-005	0.000000e+000	2.987866e+000
3.108397022384690e-005	0.000000e+000	3.045471e+000
3.116730355717974e-005	0.000000e+000	3.090631e+000
3.125063689051258e-005	0.000000e+000	3.123435e+000
3.133397022384542e-005	0.000000e+000	3.144025e+000
3.141730355717826e-005	0.000000e+000	3.152586e+000
3.150063689051109e-005	0.000000e+000	3.149351e+000
3.158397022384393e-005	0.000000e+000	3.134594e+000
3.166730355717677e-005	0.000000e+000	3.108634e+000
3.175063689050961e-005	0.000000e+000	3.071826e+000
3.183397022384245e-005	0.000000e+000	3.024562e+000
3.191730355717529e-005	0.000000e+000	2.967270e+000
3.200063689050813e-005	0.000000e+000	2.900408e+000
3.208397022384096e-005	0.000000e+000	2.824464e+000
3.216730355717380e-005	0.000000e+000	2.739953e+000
3.225063689050664e-005	0.000000e+000	2.647413e+000
3.233397022383948e-005	0.000000e+000	2.547403e+000
3.241730355717232e-005	0.000000e+000	2.440501e+000
3.250063689050516e-005	0.000000e+000	2.327301e+000
3.258397022383799e-005	0.000000e+000	2.208407e+000
3.266730355717083e-005	0.000000e+000	2.084437e+000
3.275063689050367e-005	0.000000e+000	1.956013e+000
3.283397022383651e-005	0.000000e+000	1.823762e+000
3.291730355716935e-005	0.000000e+000	1.688315e+000
3.308397022383502e-005	0.000000e+000	1.410341e+000
3.333307154979384e-005	0.000000e+000	9.863205e-001
3.333325099999854e-005	0.000000e+000	9.860144e-001
3.333325109999841e-005	0.000000e+000	9.860142e-001
3.333325129999815e-005	0.000000e+000	9.859133e-001
3.333325169999762e-005	0.000000e+000	9.854962e-001
3.333325199999897e-005	0.000000e+000	9.852588e-001
3.333329288001709e-005	0.000000e+000	9.646452e-001
3.333333333333313e-005	0.000000e+000	9.442469e-001
Step Information: Freq=240K  (Run: 3/3)
0.000000000000000e+000	0.000000e+000	1.541402e+001
1.999997389923180e-013	1.666667e-001	1.541397e+001
5.999992169769541e-013	7.857139e-001	1.541396e+001
8.999996928271692e-013	1.000000e+000	1.541391e+001
9.799999353687916e-013	1.000000e+000	1.541389e+001
1.139999553090298e-012	1.000000e+000	1.541390e+001
1.459999655895050e-012	1.000000e+000	1.541400e+001
1.900000122512235e-012	1.000000e+000	1.541405e+001
4.156666677523901e-011	1.000000e+000	1.541334e+001
4.166666664473517e-011	1.000000e+000	1.541334e+001
4.186666638372749e-011	1.000000e+000	1.541334e+001
4.226666672907387e-011	1.000000e+000	1.541333e+001
4.256666720492408e-011	1.000000e+000	1.541333e+001
2.919855446878797e-007	1.000000e+000	1.024150e+001
6.669855446856526e-007	1.000000e+000	3.454827e+000
7.503188780184911e-007	1.000000e+000	1.976126e+000
7.919855446849103e-007	1.000000e+000	1.245209e+000
8.336522113513295e-007	1.000000e+000	5.208414e-001
8.753188780177487e-007	1.000000e+000	-1.963009e-001
9.169855446841679e-007	1.000000e+000	-9.055555e-001
9.586522113505872e-007	1.000000e+000	-1.606276e+000
1.000318878017006e-006	1.000000e+000	-2.297833e+000
1.041985544683426e-006	1.000000e+000	-2.979612e+000
1.083652211349845e-006	1.000000e+000	-3.651016e+000
1.166985544682683e-006	1.000000e+000	-4.960403e+000
1.250318878015522e-006	1.000000e+000	-6.221576e+000
1.333652211348360e-006	1.000000e+000	-7.430412e+000
1.458652211347618e-006	1.000000e+000	-9.137282e+000
1.583652211346875e-006	1.000000e+000	-1.070636e+001
1.708652211346133e-006	1.000000e+000	-1.212777e+001
1.833652211345391e-006	1.000000e+000	-1.339331e+001
1.958652211344648e-006	1.000000e+000	-1.449652e+001
2.083292566666152e-006	1.000000e+000	-1.543489e+001
2.083292666666022e-006	1.000000e+000	-1.543489e+001
2.083292866665761e-006	1.000000e+000	-1.543479e+001
2.083293266666106e-006	1.000000e+000	-1.543437e+001
2.083293566666582e-006	1.000000e+000	-1.543413e+001
2.083333233333234e-006	1.000000e+000	-1.541407e+001
2.083333333333104e-006	1.000000e+000	-1.541402e+001
2.083333533332843e-006	1.000000e+000	-1.541397e+001
2.083333933333188e-006	1.000000e+000	-1.541396e+001
2.083334233333664e-006	1.000000e+000	-1.541391e+001
2.083334313333907e-006	1.000000e+000	-1.541389e+001
2.083334473334392e-006	8.333330e-001	-1.541390e+001
2.083334793334495e-006	2.894733e-001	-1.541400e+001
2.083335233333226e-006	0.000000e+000	-1.541405e+001
2.083374899999879e-006	0.000000e+000	-1.541334e+001
2.083374999999749e-006	0.000000e+000	-1.541334e+001
2.083375199999488e-006	0.000000e+000	-1.541334e+001
2.083375599999833e-006	0.000000e+000	-1.541333e+001
2.083375900000309e-006	0.000000e+000	-1.541333e+001
2.375318878020984e-006	0.000000e+000	-1.024150e+001
2.750318878018757e-006	0.000000e+000	-3.454827e+000
2.833652211351595e-006	0.000000e+000	-1.976126e+000
2.875318878018014e-006	0.000000e+000	-1.245209e+000
2.916985544684433e-006	0.000000e+000	-5.208414e-001
2.958652211350853e-006	0.000000e+000	1.963009e-001
3.000318878017272e-006	0.000000e+000	9.055555e-001
3.041985544683691e-006	0.000000e+000	1.606276e+000
3.083652211350110e-006	0.000000e+000	2.297833e+000
3.125318878016530e-006	0.000000e+000	2.979612e+000
3.166985544682949e-006	0.000000e+000	3.651016e+000
3.250318878015787e-006	0.000000e+000	4.960403e+000
3.333652211348626e-006	0.000000e+000	6.221576e+000
3.416985544681464e-006	0.000000e+000	7.430412e+000
3.541985544680722e-006	0.000000e+000	9.137282e+000
3.666985544679979e-006	0.000000e+000	1.070636e+001
3.791985544679237e-006	0.000000e+000	1.212777e+001
3.916985544678495e-006	0.000000e+000	1.339331e+001
4.041985544677752e-006	0.000000e+000	1.449652e+001
4.166625900000123e-006	0.000000e+000	1.543489e+001
4.166625999999993e-006	0.000000e+000	1.543489e+001
4.166626199999732e-006	0.000000e+000	1.543479e+001
4.166626600000077e-006	0.000000e+000	1.543437e+001
4.166626900000553e-006	0.000000e+000	1.543413e+001
4.166628100001589e-006	0.000000e+000	1.543352e+001
4.166666566667206e-006	0.000000e+000	1.541407e+001
4.166666666667075e-006	0.000000e+000	1.541402e+001
4.166666866666814e-006	1.666667e-001	1.541397e+001
4.166667266666292e-006	7.857139e-001	1.541396e+001
4.166667566666768e-006	1.000000e+000	1.541391e+001
4.166667646667011e-006	1.000000e+000	1.541389e+001
4.166667806666628e-006	1.000000e+000	1.541390e+001
4.166668126666731e-006	1.000000e+000	1.541400e+001
4.166668566667198e-006	1.000000e+000	1.541405e+001
4.166708233332983e-006	1.000000e+000	1.541334e+001
4.166708333332853e-006	1.000000e+000	1.541334e+001
4.166708533332592e-006	1.000000e+000	1.541334e+001
4.166708933332937e-006	1.000000e+000	1.541333e+001
4.166709233333413e-006	1.000000e+000	1.541333e+001
4.458652211354088e-006	1.000000e+000	1.024150e+001
4.833652211351860e-006	1.000000e+000	3.454827e+000
4.916985544684699e-006	1.000000e+000	1.976126e+000
4.958652211351118e-006	1.000000e+000	1.245209e+000
5.000318878017537e-006	1.000000e+000	5.208414e-001
5.041985544683957e-006	1.000000e+000	-1.963009e-001
5.083652211350376e-006	1.000000e+000	-9.055555e-001
5.125318878016795e-006	1.000000e+000	-1.606276e+000
5.166985544683214e-006	1.000000e+000	-2.297833e+000
5.208652211349633e-006	1.000000e+000	-2.979612e+000
5.250318878016053e-006	1.000000e+000	-3.651016e+000
5.333652211348891e-006	1.000000e+000	-4.960403e+000
5.416985544681729e-006	1.000000e+000	-6.221576e+000
5.500318878014568e-006	1.000000e+000	-7.430412e+000
5.625318878013826e-006	1.000000e+000	-9.137282e+000
5.750318878013083e-006	1.000000e+000	-1.070636e+001
5.875318878012341e-006	1.000000e+000	-1.212777e+001
6.000318878011599e-006	1.000000e+000	-1.339331e+001
6.125318878010856e-006	1.000000e+000	-1.449652e+001
6.249959233333227e-006	1.000000e+000	-1.543489e+001
6.249959333333097e-006	1.000000e+000	-1.543489e+001
6.249959533332836e-006	1.000000e+000	-1.543479e+001
6.249959933333181e-006	1.000000e+000	-1.543437e+001
6.249960233333657e-006	1.000000e+000	-1.543413e+001
6.249999900000310e-006	1.000000e+000	-1.541407e+001
6.250000000000179e-006	1.000000e+000	-1.541402e+001
6.250000199999918e-006	1.000000e+000	-1.541397e+001
6.250000600000263e-006	1.000000e+000	-1.541396e+001
6.250000900000739e-006	1.000000e+000	-1.541391e+001
6.250000980000982e-006	1.000000e+000	-1.541389e+001
6.250001140001467e-006	8.333330e-001	-1.541390e+001
6.250001460001570e-006	2.894733e-001	-1.541400e+001
6.250001900000302e-006	0.000000e+000	-1.541405e+001
6.250041566666954e-006	0.000000e+000	-1.541334e+001
6.250041666666824e-006	0.000000e+000	-1.541334e+001
6.250041866666563e-006	0.000000e+000	-1.541334e+001
6.250042266666908e-006	0.000000e+000	-1.541333e+001
6.250042566667384e-006	0.000000e+000	-1.541333e+001
6.541985544688059e-006	0.000000e+000	-1.024150e+001
6.916985544685832e-006	0.000000e+000	-3.454827e+000
7.000318878018670e-006	0.000000e+000	-1.976126e+000
7.041985544685089e-006	0.000000e+000	-1.245209e+000
7.083652211351509e-006	0.000000e+000	-5.208414e-001
7.125318878017928e-006	0.000000e+000	1.963009e-001
7.166985544684347e-006	0.000000e+000	9.055555e-001
7.208652211350766e-006	0.000000e+000	1.606276e+000
7.250318878017185e-006	0.000000e+000	2.297833e+000
7.291985544683605e-006	0.000000e+000	2.979612e+000
7.333652211350024e-006	0.000000e+000	3.651016e+000
7.416985544682862e-006	0.000000e+000	4.960403e+000
7.500318878015701e-006	0.000000e+000	6.221576e+000
7.583652211348539e-006	0.000000e+000	7.430412e+000
7.708652211347797e-006	0.000000e+000	9.137282e+000
7.833652211347054e-006	0.000000e+000	1.070636e+001
7.958652211346312e-006	0.000000e+000	1.212777e+001
8.083652211345570e-006	0.000000e+000	1.339331e+001
8.208652211344827e-006	0.000000e+000	1.449652e+001
8.333292566667198e-006	0.000000e+000	1.543489e+001
8.333292666667068e-006	0.000000e+000	1.543489e+001
8.333292866666807e-006	0.000000e+000	1.543479e+001
8.333293266667152e-006	0.000000e+000	1.543437e+001
8.333293566667628e-006	0.000000e+000	1.543413e+001
8.333333233334281e-006	0.000000e+000	1.541407e+001
8.333333333334150e-006	0.000000e+000	1.541402e+001
8.333333533333889e-006	1.666667e-001	1.541397e+001
8.333333933333367e-006	7.857139e-001	1.541396e+001
8.333334233333843e-006	1.000000e+000	1.541391e+001
8.333334313334086e-006	1.000000e+000	1.541389e+001
8.333334473333703e-006	1.000000e+000	1.541390e+001
8.333334793333806e-006	1.000000e+000	1.541400e+001
8.333335233334273e-006	1.000000e+000	1.541405e+001
8.333374900000058e-006	1.000000e+000	1.541334e+001
8.333374999999928e-006	1.000000e+000	1.541334e+001
8.333375199999667e-006	1.000000e+000	1.541334e+001
8.333375600000012e-006	1.000000e+000	1.541333e+001
8.333375900000488e-006	1.000000e+000	1.541333e+001
8.625318878021163e-006	1.000000e+000	1.024150e+001
9.000318878018936e-006	1.000000e+000	3.454827e+000
9.083652211351774e-006	1.000000e+000	1.976126e+000
9.125318878018193e-006	1.000000e+000	1.245209e+000
9.166985544684612e-006	1.000000e+000	5.208414e-001
9.208652211351032e-006	1.000000e+000	-1.963009e-001
9.250318878017451e-006	1.000000e+000	-9.055555e-001
9.291985544683870e-006	1.000000e+000	-1.606276e+000
9.333652211350289e-006	1.000000e+000	-2.297833e+000
9.375318878016709e-006	1.000000e+000	-2.979612e+000
9.416985544683128e-006	1.000000e+000	-3.651016e+000
9.500318878015966e-006	1.000000e+000	-4.960403e+000
9.583652211348805e-006	1.000000e+000	-6.221576e+000
9.666985544681643e-006	1.000000e+000	-7.430412e+000
9.791985544680901e-006	1.000000e+000	-9.137282e+000
9.916985544680158e-006	1.000000e+000	-1.070636e+001
1.004198554467942e-005	1.000000e+000	-1.212777e+001
1.016698554467867e-005	1.000000e+000	-1.339331e+001
1.029198554467793e-005	1.000000e+000	-1.449652e+001
1.041662590000030e-005	1.000000e+000	-1.543489e+001
1.041662600000017e-005	1.000000e+000	-1.543489e+001
1.041662619999991e-005	1.000000e+000	-1.543479e+001
1.041662660000026e-005	1.000000e+000	-1.543437e+001
1.041662690000073e-005	1.000000e+000	-1.543413e+001
1.041666656666739e-005	1.000000e+000	-1.541407e+001
1.041666666666725e-005	1.000000e+000	-1.541402e+001
1.041666686666699e-005	1.000000e+000	-1.541397e+001
1.041666726666647e-005	1.000000e+000	-1.541396e+001
1.041666756666695e-005	1.000000e+000	-1.541391e+001
1.041666764666719e-005	1.000000e+000	-1.541389e+001
1.041666780666681e-005	8.333336e-001	-1.541390e+001
1.041666812666691e-005	2.894735e-001	-1.541400e+001
1.041666856666651e-005	0.000000e+000	-1.541405e+001
1.041670823333403e-005	0.000000e+000	-1.541334e+001
1.041670833333390e-005	0.000000e+000	-1.541334e+001
1.041670853333364e-005	0.000000e+000	-1.541334e+001
1.041670893333312e-005	0.000000e+000	-1.541333e+001
1.041670923333359e-005	0.000000e+000	-1.541333e+001
1.070865217497451e-005	0.000000e+000	-1.024150e+001
1.108365217497229e-005	0.000000e+000	-3.454828e+000
1.116698550830512e-005	0.000000e+000	-1.976127e+000
1.120865217497154e-005	0.000000e+000	-1.245210e+000
1.125031884163796e-005	0.000000e+000	-5.208420e-001
1.129198550830438e-005	0.000000e+000	1.963003e-001
1.133365217497080e-005	0.000000e+000	9.055549e-001
1.137531884163722e-005	0.000000e+000	1.606276e+000
1.141698550830364e-005	0.000000e+000	2.297832e+000
1.145865217497006e-005	0.000000e+000	2.979611e+000
1.150031884163648e-005	0.000000e+000	3.651016e+000
1.158365217496932e-005	0.000000e+000	4.960402e+000
1.166698550830216e-005	0.000000e+000	6.221575e+000
1.175031884163499e-005	0.000000e+000	7.430412e+000
1.187531884163425e-005	0.000000e+000	9.137281e+000
1.200031884163351e-005	0.000000e+000	1.070636e+001
1.212531884163277e-005	0.000000e+000	1.212777e+001
1.225031884163202e-005	0.000000e+000	1.339331e+001
1.237531884163128e-005	0.000000e+000	1.449652e+001
1.249995923333341e-005	0.000000e+000	1.543489e+001
1.249995933333328e-005	0.000000e+000	1.543489e+001
1.249995953333302e-005	0.000000e+000	1.543479e+001
1.249995993333336e-005	0.000000e+000	1.543437e+001
1.249996023333384e-005	0.000000e+000	1.543413e+001
1.249999990000049e-005	0.000000e+000	1.541407e+001
1.250000000000036e-005	0.000000e+000	1.541402e+001
1.250000020000010e-005	1.666667e-001	1.541397e+001
1.250000059999958e-005	7.857139e-001	1.541396e+001
1.250000090000005e-005	1.000000e+000	1.541391e+001
1.250000098000029e-005	1.000000e+000	1.541389e+001
1.250000113999991e-005	1.000000e+000	1.541390e+001
1.250000146000001e-005	1.000000e+000	1.541400e+001
1.250000190000048e-005	1.000000e+000	1.541405e+001
1.250004156666713e-005	1.000000e+000	1.541334e+001
1.250004166666700e-005	1.000000e+000	1.541334e+001
1.250004186666674e-005	1.000000e+000	1.541334e+001
1.250004226666622e-005	1.000000e+000	1.541333e+001
1.250004256666670e-005	1.000000e+000	1.541333e+001
1.279198550830762e-005	1.000000e+000	1.024150e+001
1.316698550830539e-005	1.000000e+000	3.454828e+000
1.325031884163823e-005	1.000000e+000	1.976127e+000
1.329198550830465e-005	1.000000e+000	1.245210e+000
1.333365217497107e-005	1.000000e+000	5.208420e-001
1.337531884163749e-005	1.000000e+000	-1.963003e-001
1.341698550830391e-005	1.000000e+000	-9.055549e-001
1.345865217497032e-005	1.000000e+000	-1.606276e+000
1.350031884163674e-005	1.000000e+000	-2.297832e+000
1.354198550830316e-005	1.000000e+000	-2.979611e+000
1.358365217496958e-005	1.000000e+000	-3.651016e+000
1.366698550830242e-005	1.000000e+000	-4.960402e+000
1.375031884163526e-005	1.000000e+000	-6.221575e+000
1.383365217496810e-005	1.000000e+000	-7.430412e+000
1.395865217496736e-005	1.000000e+000	-9.137281e+000
1.408365217496661e-005	1.000000e+000	-1.070636e+001
1.420865217496587e-005	1.000000e+000	-1.212777e+001
1.433365217496513e-005	1.000000e+000	-1.339331e+001
1.445865217496439e-005	1.000000e+000	-1.449652e+001
1.458329256666651e-005	1.000000e+000	-1.543489e+001
1.458329266666638e-005	1.000000e+000	-1.543489e+001
1.458329286666612e-005	1.000000e+000	-1.543479e+001
1.458329326666646e-005	1.000000e+000	-1.543437e+001
1.458329356666694e-005	1.000000e+000	-1.543413e+001
1.458333323333359e-005	1.000000e+000	-1.541407e+001
1.458333333333346e-005	1.000000e+000	-1.541402e+001
1.458333353333320e-005	1.000000e+000	-1.541397e+001
1.458333393333355e-005	1.000000e+000	-1.541396e+001
1.458333423333402e-005	1.000000e+000	-1.541391e+001
1.458333431333427e-005	1.000000e+000	-1.541389e+001
1.458333447333475e-005	8.333330e-001	-1.541390e+001
1.458333479333485e-005	2.894733e-001	-1.541400e+001
1.458333523333358e-005	0.000000e+000	-1.541405e+001
1.458337490000024e-005	0.000000e+000	-1.541334e+001
1.458337500000011e-005	0.000000e+000	-1.541334e+001
1.458337519999985e-005	0.000000e+000	-1.541334e+001
1.458337560000019e-005	0.000000e+000	-1.541333e+001
1.458337590000067e-005	0.000000e+000	-1.541333e+001
1.487531887802134e-005	0.000000e+000	-1.024150e+001
1.525031887801912e-005	0.000000e+000	-3.454827e+000
1.533365221135195e-005	0.000000e+000	-1.976126e+000
1.537531887801837e-005	0.000000e+000	-1.245209e+000
1.541698554468479e-005	0.000000e+000	-5.208414e-001
1.545865221135121e-005	0.000000e+000	1.963009e-001
1.550031887801763e-005	0.000000e+000	9.055555e-001
1.554198554468405e-005	0.000000e+000	1.606276e+000
1.558365221135047e-005	0.000000e+000	2.297833e+000
1.562531887801689e-005	0.000000e+000	2.979612e+000
1.566698554468331e-005	0.000000e+000	3.651016e+000
1.575031887801615e-005	0.000000e+000	4.960403e+000
1.583365221134898e-005	0.000000e+000	6.221576e+000
1.591698554468182e-005	0.000000e+000	7.430412e+000
1.604198554468108e-005	0.000000e+000	9.137282e+000
1.616698554468034e-005	0.000000e+000	1.070636e+001
1.629198554467960e-005	0.000000e+000	1.212777e+001
1.641698554467885e-005	0.000000e+000	1.339331e+001
1.654198554467811e-005	0.000000e+000	1.449652e+001
1.666654456666632e-005	0.000000e+000	1.543434e+001
1.666662590000048e-005	0.000000e+000	1.543489e+001
1.666662600000035e-005	0.000000e+000	1.543489e+001
1.666662620000009e-005	0.000000e+000	1.543479e+001
1.666662660000044e-005	0.000000e+000	1.543437e+001
1.666662690000091e-005	0.000000e+000	1.543413e+001
1.666664730000985e-005	0.000000e+000	1.542381e+001
1.666666656666063e-005	0.000000e+000	1.541407e+001
